,Unnamed: 0,c1,c2,c3,c4,c5,c6,c7,c8,c9,c10,c11,c12,c13,c14,c15,c16,c17,c18,c19,c20,c21,c22,c23,c24,c25,c26,c27,c28,c29,c30,c31,c32,c33,c34,c35,c36,c37,c38,c39,c40,c41,c42,c43,c44,c45,c46,c47,c48,c49,c50,c51,c52,c53,c54,c55,c56,c57,c58,c59,c60,r1,r2,r3,r4,r5,r6,r7,r8,r9,r10,r11,r12,r13,r14,r15,r16,r17,r18,r19,r20,r21,r22,r23,r24,r25,r26,r27,r28,r29,r30,r31,r32,r33,r34,r35,r36,r37,r38,r39,r40,r41,r42,r43,r44,r45,r46,r47,r48,r49,r50,r51,r52,r53,r54,r55,r56,r57,r58,r59,r60,w1,w2,w3,w4,w5,w6,w7,w8,w9,w10,w11,w12,w13,w14,w15,w16,w17,w18,not_intercepted,nfe
0,0,0.0830529437443794,-0.3744289819136297,0.3916582625046949,0.8871835215386445,-0.9834255836658544,0.8064495393095503,0.9156144176223504,0.7457904400080322,-0.7610492899380352,0.8024513335843286,-0.3063926633328986,0.9946175321351696,0.1183491020635212,-0.9243618782868528,-0.0752031100793106,0.6858324009360217,-0.7566805514825026,-0.3607194925584838,0.1751043330366184,-0.4938775979111616,-0.3637570701063268,-0.6634075917764457,0.1928209749033063,0.623545875616172,0.0163686742119679,-0.3127225411810808,-0.6972802243575837,0.0976364937358229,0.8800517148327911,0.9162620020305604,-0.2502480525662385,-0.91961867465172,0.0822732787245845,0.7722424877152381,0.962196662200014,-0.1443048565573228,0.0893108085453173,-0.0120673116281104,-0.0198565539176596,0.1826365151749263,0.4985468559051516,0.6671486705232506,0.1208597092649965,0.7167535732286845,0.2064929309011312,0.0179013927079629,-0.8026862906757475,0.4102367465720755,0.1715710686179772,-0.3896503072305952,-0.2031641547406519,-0.354856561220725,-0.6304747582562922,-0.7118419119055477,-0.7414641579229118,-0.7412690072267321,-0.5591640265918603,0.0339753767350037,0.2911967461215821,-0.7966022034887601,0.259619188701442,0.563766084290007,0.1802658386872654,0.6900088636091343,0.29935973207844,0.6750098232832271,0.8031307446358794,0.2049139525299668,0.6878753612315098,0.2032329654147991,0.4329354804412126,0.8424406246645504,0.5385270183899395,0.4831329607719694,0.3342475208005753,0.7802115012676714,0.927997995396435,0.4777476943379667,0.378845798542439,0.6884256063825891,0.4982914828363619,0.2385032605582149,0.2559847729073775,0.3155173178921943,0.8196967847506482,0.6861322677823035,0.2560506305814888,0.2980880563392462,0.7739071558342318,0.9112357311347412,0.02552169899712,0.3879868553615809,0.0983328687732964,0.8027484038140706,0.8418535989970368,0.6203144683425299,0.2153478421036239,0.8094436902637727,0.4281975680454348,0.8191401235745202,0.2389718977072364,0.0115020015778162,0.3945258312038691,0.8081851780264402,0.9305332299498842,0.4341130690381444,0.5154849127702541,0.8868935806888614,0.0009231371480829,0.6991918980856542,0.1742743499677046,0.029053725899288,0.3777976633342186,0.6136720666907688,0.2392639837827649,0.0258117744393982,0.7370998969525555,0.2833183892120101,0.6806830278181212,0.0401490530098411,0.0577671302918897,0.0237240096686602,0.9779857707413108,0.6997968996650992,0.0184236397381838,0.6297205260751987,0.1903815513181821,0.3912444555408229,0.3053671609133601,0.538239611954244,0.6853057584799599,0.1317403669630585,0.3666865811915172,0.8569469686468933,0.2559084053683857,0.2556406634342351,0.4530041475955093,0.5546947283539546,0.47,100
0,0,-0.9346914172633012,0.2481907230690224,0.4279780415390507,0.4395707147690749,-0.8530113273202004,-0.7884532343326986,0.3333062847125119,-0.5799306180341322,-0.8231660350417385,-0.2074695660781767,-0.252124015998481,-0.325729584203777,-0.3398338963233638,-0.6292137262925083,-0.7306426707166759,0.7276346521128362,-0.0931558666990973,-0.080128328176982,-0.3884509994618835,-0.923916456961155,0.2709794433163168,-0.6430191596641992,0.2848249436299058,-0.4580389009169717,-0.2760882934432223,-0.8950855822453658,-0.9536484994921948,-0.8491301234124085,-0.6651349472455095,-0.6693249638136317,-0.3039999844966931,-0.8783006414510816,0.1505756073150454,-0.1980589101846854,-0.7341887617393618,-0.8006464438399153,0.1405949202215045,0.821558088310417,0.3482275414515312,0.3412811793048542,-0.9028603031105932,0.7749331487647275,-0.7628645993993917,0.664010360603036,0.5295777889492866,-0.3212632542763402,-0.5657804087871068,0.010910223727996,0.4340592125005271,0.6575079522026872,0.4768125232878251,-0.1864816640948919,-0.1401758094402079,-0.5473444562506592,0.3810188412299948,-0.0124994360443034,-0.8335858782162524,0.3607566058606039,-0.7480955943345349,0.9121560252952444,0.455213170737497,0.3337073123169503,0.2680293334160718,0.4503257065687815,0.4900501931846147,0.6910501302163212,0.7280776552878578,0.4640556872721781,0.584499233058191,0.5502437562663308,0.6233422807603151,0.3285072998827436,0.3011974566370247,0.6436909291411532,0.6104953812671224,0.399651310158524,0.0526117743518157,0.8703525308667442,0.3013350382991029,0.6525333307849698,0.2426409097495696,0.5301687248755126,0.6164285266809223,0.5330713806376478,0.288314131282548,0.365413286536534,0.3821755604759747,0.0521119542148431,0.7093326610350627,0.2799144781246312,0.2286187884135009,0.4766797881069388,0.6795024724910517,0.2718040586717121,0.8473873287252662,0.1680795140912349,0.5363178206988796,0.3509131934005048,0.2609803165288299,0.306895437687717,0.4468190198111312,0.7527711651510932,0.3028734980341664,0.1910370272646537,0.9782601911684354,0.739942469055262,0.8396543304700409,0.7564206708991353,0.1580196094004802,0.0781852810980908,0.8069370369280744,0.6050263424845674,0.7964861446368446,0.7281803812431459,0.2346566980000524,0.0757110217772673,0.3204991528493834,0.9839163966291464,0.3335998503268784,0.4173987237982245,0.0705904648350403,0.0142338083971969,0.0475018693261561,0.7299769914591,0.6965090351247564,0.5523390858016226,0.1915990615329058,0.422020335514341,0.3268473170942679,0.5501496901251599,0.2777304408790384,0.5349374926662013,0.906039879515992,0.5814466643968955,0.083591468322742,0.484675686911028,0.7082852750438419,0.7955120176245163,0.28,10031
0,0,-0.9133947563195616,0.4354438493022878,-0.2031565181274884,-0.826161167668332,-0.8670883450120302,0.0924196188271094,0.3541967568109859,-0.4416440949177169,-0.4277677677781026,-0.559993263885894,-0.4784090076196993,-0.5014241852201571,0.553463597140581,-0.1201604285684379,-0.5523940609913933,-0.8036950611566345,0.4728437767953464,-0.2328473462101808,0.3590553157291763,-0.9856686842015135,-0.6687828559308506,-0.524807153088461,-0.117138771811907,-0.5609949480954645,-0.370005561543138,-1.0,-0.8508421195166413,-0.2108881122130625,-0.2420591987610316,-0.1187635218440106,-0.2313560286122623,-1.0,0.0998906120729867,0.0515208902854548,-0.7618459789099316,-0.5448955460692056,0.0996892222946979,0.862992694196664,-0.1302047353974006,0.2377906434232229,-1.0,-0.8413437859781412,-0.3002132599943622,-0.6974660612702349,0.6048770826948999,-0.1952837604721189,-0.5526211835623959,-0.1865971176916044,1.0,0.1447584415656728,-0.0423958962086475,0.1749664988877138,-0.2175360115272892,0.9287814088935612,0.2155178431609553,-0.0942734824114797,-0.1864901905666638,0.8807800677574587,-0.7852484696407569,1.0,0.522130622420584,0.260451509735459,0.2737447182004724,0.2123684505016367,0.206711347476306,0.8827607836967466,0.1199347871864923,0.6192110154715817,0.3764374168754489,0.296868927388691,0.6476865646194696,0.1982537485371577,0.6991488885555723,0.5183164932767349,0.3074136909908096,0.090375043464236,0.2809774899067663,0.8514345288209739,0.0643907128591371,0.8464165138046724,1.0,0.6603731216922473,0.3623414282194929,0.5745647934784026,0.2851160263392477,0.5694809902047558,0.4788583008949624,0.0309430448060741,0.8539709671087546,0.4636401192477029,0.5709330114370623,0.3936518809192915,0.6955115106254199,0.0693651657692086,0.0615007077117727,0.1017875886993727,0.1915267055075925,0.3676971172263277,0.1721059466854238,0.1734239015370226,0.5463213376786049,0.926052618375365,0.8282306827017156,0.235223927304074,0.6075958163104569,0.831748133140306,0.7429219774140302,0.1946978320213976,0.1338983065301623,0.0714131721068251,0.8412273142627831,0.8709418817448598,0.0001,0.7174302994183374,0.28354774608181,0.0668848246849022,0.1831058700143926,1.0,0.305755397896951,0.2308465679532003,0.0463243133102374,0.0290240530347529,0.0686698782513515,0.7514845857787316,0.2946617029799716,0.5476515694384559,0.1890320204622932,0.4379692645351202,0.1541824798504724,0.2002040313387561,0.3010986075911945,0.9803023924682202,0.4316812087197054,0.9947088865495706,0.133714361381204,0.6027400252077739,0.7464793976568241,0.959774153877212,0.35,1078
0,0,-0.9133947563195616,0.4354438493022878,-0.2031565181274884,-0.826161167668332,-0.8670883450120302,0.0924196188271094,0.3541967568109859,-0.4416440949177169,-0.4277677677781026,-0.559993263885894,-0.4784090076196993,-0.5014241852201571,0.553463597140581,-0.1201604285684379,-0.5523940609913933,-0.8036950611566345,0.4728437767953464,-0.2328473462101808,0.3590553157291763,-0.9856686842015135,-0.6687828559308506,-0.524807153088461,-0.117138771811907,-0.5609949480954645,-0.370005561543138,-1.0,-0.8508421195166413,-0.2108881122130625,-0.2420591987610316,-0.1187635218440106,-0.2313560286122623,-1.0,0.0998906120729867,0.0515208902854548,-0.7618459789099316,-0.5448955460692056,0.0996892222946979,0.862992694196664,-0.1302047353974006,0.2377906434232229,-1.0,-0.8413437859781412,-0.3002132599943622,-0.6974660612702349,0.6048770826948999,-0.1952837604721189,-0.5526211835623959,-0.1865971176916044,1.0,0.1447584415656728,-0.0423958962086475,0.1749664988877138,-0.2175360115272892,0.9287814088935612,0.2155178431609553,-0.0942734824114797,-0.1864901905666638,0.8807800677574587,-0.7852484696407569,1.0,0.522130622420584,0.260451509735459,0.2737447182004724,0.2123684505016367,0.206711347476306,0.8827607836967466,0.1199347871864923,0.6192110154715817,0.3764374168754489,0.296868927388691,0.6476865646194696,0.1982537485371577,0.6991488885555723,0.5183164932767349,0.3074136909908096,0.090375043464236,0.2809774899067663,0.8514345288209739,0.0643907128591371,0.8464165138046724,1.0,0.6603731216922473,0.3623414282194929,0.5745647934784026,0.2851160263392477,0.5694809902047558,0.4788583008949624,0.0309430448060741,0.8539709671087546,0.4636401192477029,0.5709330114370623,0.3936518809192915,0.6955115106254199,0.0693651657692086,0.0615007077117727,0.1017875886993727,0.1915267055075925,0.3676971172263277,0.1721059466854238,0.1734239015370226,0.5463213376786049,0.926052618375365,0.8282306827017156,0.235223927304074,0.6075958163104569,0.831748133140306,0.7429219774140302,0.1946978320213976,0.1338983065301623,0.0714131721068251,0.8412273142627831,0.8709418817448598,0.0001,0.7174302994183374,0.28354774608181,0.0668848246849022,0.1831058700143926,1.0,0.305755397896951,0.2308465679532003,0.0463243133102374,0.0290240530347529,0.0686698782513515,0.7514845857787316,0.2946617029799716,0.5476515694384559,0.1890320204622932,0.4379692645351202,0.1541824798504724,0.2002040313387561,0.3010986075911945,0.9803023924682202,0.4316812087197054,0.9947088865495706,0.133714361381204,0.6027400252077739,0.7464793976568241,0.959774153877212,0.35,1176
0,0,-0.9133947563195616,0.4354438493022878,-0.2031565181274884,-0.826161167668332,-0.8670883450120302,0.0924196188271094,0.3541967568109859,-0.4416440949177169,-0.4277677677781026,-0.559993263885894,-0.4784090076196993,-0.5014241852201571,0.553463597140581,-0.1201604285684379,-0.5523940609913933,-0.8036950611566345,0.4728437767953464,-0.2328473462101808,0.3590553157291763,-0.9856686842015135,-0.6687828559308506,-0.524807153088461,-0.117138771811907,-0.5609949480954645,-0.370005561543138,-1.0,-0.8508421195166413,-0.2108881122130625,-0.2420591987610316,-0.1187635218440106,-0.2313560286122623,-1.0,0.0998906120729867,0.0515208902854548,-0.7618459789099316,-0.5448955460692056,0.0996892222946979,0.862992694196664,-0.1302047353974006,0.2377906434232229,-1.0,-0.8413437859781412,-0.3002132599943622,-0.6974660612702349,0.6048770826948999,-0.1952837604721189,-0.5526211835623959,-0.1865971176916044,1.0,0.1447584415656728,-0.0423958962086475,0.1749664988877138,-0.2175360115272892,0.9287814088935612,0.2155178431609553,-0.0942734824114797,-0.1864901905666638,0.8807800677574587,-0.7852484696407569,1.0,0.522130622420584,0.260451509735459,0.2737447182004724,0.2123684505016367,0.206711347476306,0.8827607836967466,0.1199347871864923,0.6192110154715817,0.3764374168754489,0.296868927388691,0.6476865646194696,0.1982537485371577,0.6991488885555723,0.5183164932767349,0.3074136909908096,0.090375043464236,0.2809774899067663,0.8514345288209739,0.0643907128591371,0.8464165138046724,1.0,0.6603731216922473,0.3623414282194929,0.5745647934784026,0.2851160263392477,0.5694809902047558,0.4788583008949624,0.0309430448060741,0.8539709671087546,0.4636401192477029,0.5709330114370623,0.3936518809192915,0.6955115106254199,0.0693651657692086,0.0615007077117727,0.1017875886993727,0.1915267055075925,0.3676971172263277,0.1721059466854238,0.1734239015370226,0.5463213376786049,0.926052618375365,0.8282306827017156,0.235223927304074,0.6075958163104569,0.831748133140306,0.7429219774140302,0.1946978320213976,0.1338983065301623,0.0714131721068251,0.8412273142627831,0.8709418817448598,0.0001,0.7174302994183374,0.28354774608181,0.0668848246849022,0.1831058700143926,1.0,0.305755397896951,0.2308465679532003,0.0463243133102374,0.0290240530347529,0.0686698782513515,0.7514845857787316,0.2946617029799716,0.5476515694384559,0.1890320204622932,0.4379692645351202,0.1541824798504724,0.2002040313387561,0.3010986075911945,0.9803023924682202,0.4316812087197054,0.9947088865495706,0.133714361381204,0.6027400252077739,0.7464793976568241,0.959774153877212,0.35,1273
0,0,-0.9445701641352302,0.223524968637673,0.6562831842053357,0.5737431126478566,-0.8921442523546194,-0.8962959185061712,0.3145250753489965,-0.6287040568760457,-0.9522338977163456,-0.1585966090979338,-0.2106728582305627,-0.1927396478773515,-0.4232392685541243,-0.694948061030654,-0.7666703665725711,0.927574588614312,-0.6300491554654971,-0.0712146606104417,-0.7991526366127492,-0.9682456448432816,0.5696028243396595,-0.6529522618089731,0.3212160191885461,-0.4901633346368281,-0.42590556398011,-0.866603211786433,-0.9893953996795164,-0.8868227427280179,-0.8934566194257308,-0.7690377766284331,-0.3243207785542158,-0.8548782309609495,0.2403205403200304,-0.2404996218936328,-0.7528050279755993,-0.8365850914025402,0.1275344681720814,1.0,0.3487829791010019,0.3615492877070842,-1.0,0.7783152897116626,-0.8247659694013204,0.7332401353626589,0.6362154682168496,-0.3410191034830644,-0.4663845580935552,0.0164251839122916,0.2542400198157651,0.7920269285124597,0.5432140616938951,-0.1443000257121354,-0.2537339268958214,-0.8154084639392288,0.3962961321131154,0.082066646384013,-0.9221897270128716,0.2588128783586832,-0.6805822236739777,1.0,0.4289882110584948,0.3534199588825651,0.2609895295193524,0.4623579593228437,0.5559630927585525,0.6705095587622248,0.8002995396245443,0.4649453546015478,0.6220735887718879,0.6185864056570256,0.6200560872516861,0.3286451072767934,0.2748200540779685,0.868236288629427,0.9009472635393522,0.4269120509806154,0.0293030732975779,0.9452893946396158,0.3118868696809451,0.6444538085116154,0.1343164823419599,0.6651603087317474,0.6481515784593544,0.5397220615808315,0.2883169833442601,0.333469319000908,0.3784681330802299,0.0001,0.7028074033314957,0.4002816222573512,0.0001,0.5031691240509061,0.6962826297492578,0.35203938965903,0.9377559285760168,0.0537812791000283,0.5817422810009072,0.3382733393939023,0.2793635983895177,0.3156868609691741,0.450669224112081,0.7155187258762008,0.2498679334559813,0.2095105802828984,0.9964515304202628,0.8267183286175419,0.9029516741345212,0.8077810567524552,0.0583719447063136,0.0543878835114143,0.8073607002101174,0.5835371876599267,0.8842172939695266,0.7198905777454717,0.2166549474658855,0.0797216537021101,0.707344408847823,1.0,0.3419964367979264,0.5141776736557586,0.0269339177038461,0.0154719061409841,0.0379206776517535,0.749608638162216,0.6529405612733311,0.5334271381296601,0.1925950914652049,0.4305636038213742,0.5425826986120702,0.6163388025098528,0.309119882339966,0.2787605942245289,0.9632875915472652,0.450841333484726,0.070595606001378,0.4890592356793233,0.7197621508838955,0.7400835757888442,0.34,1371
0,0,-0.9445701641352302,0.223524968637673,0.6562831842053357,0.5737431126478566,-0.8921442523546194,-0.8962959185061712,0.3145250753489965,-0.6287040568760457,-0.9522338977163456,-0.1585966090979338,-0.2106728582305627,-0.1927396478773515,-0.4232392685541243,-0.694948061030654,-0.7666703665725711,0.927574588614312,-0.6300491554654971,-0.0712146606104417,-0.7991526366127492,-0.9682456448432816,0.5696028243396595,-0.6529522618089731,0.3212160191885461,-0.4901633346368281,-0.42590556398011,-0.866603211786433,-0.9893953996795164,-0.8868227427280179,-0.8934566194257308,-0.7690377766284331,-0.3243207785542158,-0.8548782309609495,0.2403205403200304,-0.2404996218936328,-0.7528050279755993,-0.8365850914025402,0.1275344681720814,1.0,0.3487829791010019,0.3615492877070842,-1.0,0.7783152897116626,-0.8247659694013204,0.7332401353626589,0.6362154682168496,-0.3410191034830644,-0.4663845580935552,0.0164251839122916,0.2542400198157651,0.7920269285124597,0.5432140616938951,-0.1443000257121354,-0.2537339268958214,-0.8154084639392288,0.3962961321131154,0.082066646384013,-0.9221897270128716,0.2588128783586832,-0.6805822236739777,1.0,0.4289882110584948,0.3534199588825651,0.2609895295193524,0.4623579593228437,0.5559630927585525,0.6705095587622248,0.8002995396245443,0.4649453546015478,0.6220735887718879,0.6185864056570256,0.6200560872516861,0.3286451072767934,0.2748200540779685,0.868236288629427,0.9009472635393522,0.4269120509806154,0.0293030732975779,0.9452893946396158,0.3118868696809451,0.6444538085116154,0.1343164823419599,0.6651603087317474,0.6481515784593544,0.5397220615808315,0.2883169833442601,0.333469319000908,0.3784681330802299,0.0001,0.7028074033314957,0.4002816222573512,0.0001,0.5031691240509061,0.6962826297492578,0.35203938965903,0.9377559285760168,0.0537812791000283,0.5817422810009072,0.3382733393939023,0.2793635983895177,0.3156868609691741,0.450669224112081,0.7155187258762008,0.2498679334559813,0.2095105802828984,0.9964515304202628,0.8267183286175419,0.9029516741345212,0.8077810567524552,0.0583719447063136,0.0543878835114143,0.8073607002101174,0.5835371876599267,0.8842172939695266,0.7198905777454717,0.2166549474658855,0.0797216537021101,0.707344408847823,1.0,0.3419964367979264,0.5141776736557586,0.0269339177038461,0.0154719061409841,0.0379206776517535,0.749608638162216,0.6529405612733311,0.5334271381296601,0.1925950914652049,0.4305636038213742,0.5425826986120702,0.6163388025098528,0.309119882339966,0.2787605942245289,0.9632875915472652,0.450841333484726,0.070595606001378,0.4890592356793233,0.7197621508838955,0.7400835757888442,0.34,1470
0,0,-0.9445701641352302,0.223524968637673,0.6562831842053357,0.5737431126478566,-0.8921442523546194,-0.8962959185061712,0.3145250753489965,-0.6287040568760457,-0.9522338977163456,-0.1585966090979338,-0.2106728582305627,-0.1927396478773515,-0.4232392685541243,-0.694948061030654,-0.7666703665725711,0.927574588614312,-0.6300491554654971,-0.0712146606104417,-0.7991526366127492,-0.9682456448432816,0.5696028243396595,-0.6529522618089731,0.3212160191885461,-0.4901633346368281,-0.42590556398011,-0.866603211786433,-0.9893953996795164,-0.8868227427280179,-0.8934566194257308,-0.7690377766284331,-0.3243207785542158,-0.8548782309609495,0.2403205403200304,-0.2404996218936328,-0.7528050279755993,-0.8365850914025402,0.1275344681720814,1.0,0.3487829791010019,0.3615492877070842,-1.0,0.7783152897116626,-0.8247659694013204,0.7332401353626589,0.6362154682168496,-0.3410191034830644,-0.4663845580935552,0.0164251839122916,0.2542400198157651,0.7920269285124597,0.5432140616938951,-0.1443000257121354,-0.2537339268958214,-0.8154084639392288,0.3962961321131154,0.082066646384013,-0.9221897270128716,0.2588128783586832,-0.6805822236739777,1.0,0.4289882110584948,0.3534199588825651,0.2609895295193524,0.4623579593228437,0.5559630927585525,0.6705095587622248,0.8002995396245443,0.4649453546015478,0.6220735887718879,0.6185864056570256,0.6200560872516861,0.3286451072767934,0.2748200540779685,0.868236288629427,0.9009472635393522,0.4269120509806154,0.0293030732975779,0.9452893946396158,0.3118868696809451,0.6444538085116154,0.1343164823419599,0.6651603087317474,0.6481515784593544,0.5397220615808315,0.2883169833442601,0.333469319000908,0.3784681330802299,0.0001,0.7028074033314957,0.4002816222573512,0.0001,0.5031691240509061,0.6962826297492578,0.35203938965903,0.9377559285760168,0.0537812791000283,0.5817422810009072,0.3382733393939023,0.2793635983895177,0.3156868609691741,0.450669224112081,0.7155187258762008,0.2498679334559813,0.2095105802828984,0.9964515304202628,0.8267183286175419,0.9029516741345212,0.8077810567524552,0.0583719447063136,0.0543878835114143,0.8073607002101174,0.5835371876599267,0.8842172939695266,0.7198905777454717,0.2166549474658855,0.0797216537021101,0.707344408847823,1.0,0.3419964367979264,0.5141776736557586,0.0269339177038461,0.0154719061409841,0.0379206776517535,0.749608638162216,0.6529405612733311,0.5334271381296601,0.1925950914652049,0.4305636038213742,0.5425826986120702,0.6163388025098528,0.309119882339966,0.2787605942245289,0.9632875915472652,0.450841333484726,0.070595606001378,0.4890592356793233,0.7197621508838955,0.7400835757888442,0.34,1567
0,0,-0.9445701641352302,0.223524968637673,0.6562831842053357,0.5737431126478566,-0.8921442523546194,-0.8962959185061712,0.3145250753489965,-0.6287040568760457,-0.9522338977163456,-0.1585966090979338,-0.2106728582305627,-0.1927396478773515,-0.4232392685541243,-0.694948061030654,-0.7666703665725711,0.927574588614312,-0.6300491554654971,-0.0712146606104417,-0.7991526366127492,-0.9682456448432816,0.5696028243396595,-0.6529522618089731,0.3212160191885461,-0.4901633346368281,-0.42590556398011,-0.866603211786433,-0.9893953996795164,-0.8868227427280179,-0.8934566194257308,-0.7690377766284331,-0.3243207785542158,-0.8548782309609495,0.2403205403200304,-0.2404996218936328,-0.7528050279755993,-0.8365850914025402,0.1275344681720814,1.0,0.3487829791010019,0.3615492877070842,-1.0,0.7783152897116626,-0.8247659694013204,0.7332401353626589,0.6362154682168496,-0.3410191034830644,-0.4663845580935552,0.0164251839122916,0.2542400198157651,0.7920269285124597,0.5432140616938951,-0.1443000257121354,-0.2537339268958214,-0.8154084639392288,0.3962961321131154,0.082066646384013,-0.9221897270128716,0.2588128783586832,-0.6805822236739777,1.0,0.4289882110584948,0.3534199588825651,0.2609895295193524,0.4623579593228437,0.5559630927585525,0.6705095587622248,0.8002995396245443,0.4649453546015478,0.6220735887718879,0.6185864056570256,0.6200560872516861,0.3286451072767934,0.2748200540779685,0.868236288629427,0.9009472635393522,0.4269120509806154,0.0293030732975779,0.9452893946396158,0.3118868696809451,0.6444538085116154,0.1343164823419599,0.6651603087317474,0.6481515784593544,0.5397220615808315,0.2883169833442601,0.333469319000908,0.3784681330802299,0.0001,0.7028074033314957,0.4002816222573512,0.0001,0.5031691240509061,0.6962826297492578,0.35203938965903,0.9377559285760168,0.0537812791000283,0.5817422810009072,0.3382733393939023,0.2793635983895177,0.3156868609691741,0.450669224112081,0.7155187258762008,0.2498679334559813,0.2095105802828984,0.9964515304202628,0.8267183286175419,0.9029516741345212,0.8077810567524552,0.0583719447063136,0.0543878835114143,0.8073607002101174,0.5835371876599267,0.8842172939695266,0.7198905777454717,0.2166549474658855,0.0797216537021101,0.707344408847823,1.0,0.3419964367979264,0.5141776736557586,0.0269339177038461,0.0154719061409841,0.0379206776517535,0.749608638162216,0.6529405612733311,0.5334271381296601,0.1925950914652049,0.4305636038213742,0.5425826986120702,0.6163388025098528,0.309119882339966,0.2787605942245289,0.9632875915472652,0.450841333484726,0.070595606001378,0.4890592356793233,0.7197621508838955,0.7400835757888442,0.34,1665
0,0,-0.9445701641352302,0.223524968637673,0.6562831842053357,0.5737431126478566,-0.8921442523546194,-0.8962959185061712,0.3145250753489965,-0.6287040568760457,-0.9522338977163456,-0.1585966090979338,-0.2106728582305627,-0.1927396478773515,-0.4232392685541243,-0.694948061030654,-0.7666703665725711,0.927574588614312,-0.6300491554654971,-0.0712146606104417,-0.7991526366127492,-0.9682456448432816,0.5696028243396595,-0.6529522618089731,0.3212160191885461,-0.4901633346368281,-0.42590556398011,-0.866603211786433,-0.9893953996795164,-0.8868227427280179,-0.8934566194257308,-0.7690377766284331,-0.3243207785542158,-0.8548782309609495,0.2403205403200304,-0.2404996218936328,-0.7528050279755993,-0.8365850914025402,0.1275344681720814,1.0,0.3487829791010019,0.3615492877070842,-1.0,0.7783152897116626,-0.8247659694013204,0.7332401353626589,0.6362154682168496,-0.3410191034830644,-0.4663845580935552,0.0164251839122916,0.2542400198157651,0.7920269285124597,0.5432140616938951,-0.1443000257121354,-0.2537339268958214,-0.8154084639392288,0.3962961321131154,0.082066646384013,-0.9221897270128716,0.2588128783586832,-0.6805822236739777,1.0,0.4289882110584948,0.3534199588825651,0.2609895295193524,0.4623579593228437,0.5559630927585525,0.6705095587622248,0.8002995396245443,0.4649453546015478,0.6220735887718879,0.6185864056570256,0.6200560872516861,0.3286451072767934,0.2748200540779685,0.868236288629427,0.9009472635393522,0.4269120509806154,0.0293030732975779,0.9452893946396158,0.3118868696809451,0.6444538085116154,0.1343164823419599,0.6651603087317474,0.6481515784593544,0.5397220615808315,0.2883169833442601,0.333469319000908,0.3784681330802299,0.0001,0.7028074033314957,0.4002816222573512,0.0001,0.5031691240509061,0.6962826297492578,0.35203938965903,0.9377559285760168,0.0537812791000283,0.5817422810009072,0.3382733393939023,0.2793635983895177,0.3156868609691741,0.450669224112081,0.7155187258762008,0.2498679334559813,0.2095105802828984,0.9964515304202628,0.8267183286175419,0.9029516741345212,0.8077810567524552,0.0583719447063136,0.0543878835114143,0.8073607002101174,0.5835371876599267,0.8842172939695266,0.7198905777454717,0.2166549474658855,0.0797216537021101,0.707344408847823,1.0,0.3419964367979264,0.5141776736557586,0.0269339177038461,0.0154719061409841,0.0379206776517535,0.749608638162216,0.6529405612733311,0.5334271381296601,0.1925950914652049,0.4305636038213742,0.5425826986120702,0.6163388025098528,0.309119882339966,0.2787605942245289,0.9632875915472652,0.450841333484726,0.070595606001378,0.4890592356793233,0.7197621508838955,0.7400835757888442,0.34,1764
0,0,-0.9445701641352302,0.223524968637673,0.6562831842053357,0.5737431126478566,-0.8921442523546194,-0.8962959185061712,0.3145250753489965,-0.6287040568760457,-0.9522338977163456,-0.1585966090979338,-0.2106728582305627,-0.1927396478773515,-0.4232392685541243,-0.694948061030654,-0.7666703665725711,0.927574588614312,-0.6300491554654971,-0.0712146606104417,-0.7991526366127492,-0.9682456448432816,0.5696028243396595,-0.6529522618089731,0.3212160191885461,-0.4901633346368281,-0.42590556398011,-0.866603211786433,-0.9893953996795164,-0.8868227427280179,-0.8934566194257308,-0.7690377766284331,-0.3243207785542158,-0.8548782309609495,0.2403205403200304,-0.2404996218936328,-0.7528050279755993,-0.8365850914025402,0.1275344681720814,1.0,0.3487829791010019,0.3615492877070842,-1.0,0.7783152897116626,-0.8247659694013204,0.7332401353626589,0.6362154682168496,-0.3410191034830644,-0.4663845580935552,0.0164251839122916,0.2542400198157651,0.7920269285124597,0.5432140616938951,-0.1443000257121354,-0.2537339268958214,-0.8154084639392288,0.3962961321131154,0.082066646384013,-0.9221897270128716,0.2588128783586832,-0.6805822236739777,1.0,0.4289882110584948,0.3534199588825651,0.2609895295193524,0.4623579593228437,0.5559630927585525,0.6705095587622248,0.8002995396245443,0.4649453546015478,0.6220735887718879,0.6185864056570256,0.6200560872516861,0.3286451072767934,0.2748200540779685,0.868236288629427,0.9009472635393522,0.4269120509806154,0.0293030732975779,0.9452893946396158,0.3118868696809451,0.6444538085116154,0.1343164823419599,0.6651603087317474,0.6481515784593544,0.5397220615808315,0.2883169833442601,0.333469319000908,0.3784681330802299,0.0001,0.7028074033314957,0.4002816222573512,0.0001,0.5031691240509061,0.6962826297492578,0.35203938965903,0.9377559285760168,0.0537812791000283,0.5817422810009072,0.3382733393939023,0.2793635983895177,0.3156868609691741,0.450669224112081,0.7155187258762008,0.2498679334559813,0.2095105802828984,0.9964515304202628,0.8267183286175419,0.9029516741345212,0.8077810567524552,0.0583719447063136,0.0543878835114143,0.8073607002101174,0.5835371876599267,0.8842172939695266,0.7198905777454717,0.2166549474658855,0.0797216537021101,0.707344408847823,1.0,0.3419964367979264,0.5141776736557586,0.0269339177038461,0.0154719061409841,0.0379206776517535,0.749608638162216,0.6529405612733311,0.5334271381296601,0.1925950914652049,0.4305636038213742,0.5425826986120702,0.6163388025098528,0.309119882339966,0.2787605942245289,0.9632875915472652,0.450841333484726,0.070595606001378,0.4890592356793233,0.7197621508838955,0.7400835757888442,0.34,1861
0,0,-0.9140046167649544,0.4354438493022878,-0.2031565181274884,-0.826161167668332,-0.8661868022403922,0.0924196188271094,0.3541967568109859,-0.442383142174095,-0.4277677677781026,-0.559993263885894,-0.4784090076196993,-0.5011430429759045,0.553463597140581,-0.1135859457865504,-0.5523940609913933,-0.8036950611566345,-0.5824467811899835,-0.2328473462101808,0.3686324116464646,-0.9856686842015135,-0.6687828559308506,-0.6540084451150544,-0.117138771811907,-0.5609949480954645,-0.3712252907342412,-1.0,-0.995756008849833,-0.2063754163995807,-0.2420591987610316,-0.7631664260071519,-0.2255654462453838,-1.0,0.0998906120729867,-0.2391780402828008,-0.7618459789099316,-0.5448955460692056,0.0996892222946979,0.862992694196664,-0.1302047353974006,0.2377906434232229,-1.0,-0.8413437859781412,-0.3002132599943622,-0.6974660612702349,0.5233308859539593,-0.1952837604721189,-0.553526085650161,-0.1865971176916044,0.9350789431033716,0.1447584415656728,-0.0423958962086475,0.1749664988877138,-0.2175360115272892,-0.8201889754704097,0.2155178431609553,-0.0942734824114797,-0.1864901905666638,0.8807800677574587,-0.7852484696407569,1.0,0.522130622420584,0.260451509735459,0.2737447182004724,0.2123684505016367,0.206711347476306,0.6864994621962915,0.1199347871864923,0.6206848116447501,0.3764374168754489,0.296868927388691,0.6476865646194696,0.1982537485371577,0.6963020002489162,0.5183164932767349,0.3074136909908096,0.090375043464236,0.2809774899067663,0.8514345288209739,0.0643907128591371,0.8464165138046724,0.9827956026963142,0.6603731216922473,0.3623414282194929,0.5742313395600793,0.2851160263392477,0.347534937727889,0.4788583008949624,0.030396757348663,0.8539709671087546,0.0323306625257923,0.5674831614878753,0.3936518809192915,0.6955115106254199,0.0693651657692086,0.0615007077117727,0.1017875886993727,0.1915267055075925,0.3676971172263277,0.1721059466854238,0.1734239015370226,0.5463213376786049,0.926052618375365,0.7743937362892129,0.0093599227353426,0.6075958163104569,0.831748133140306,0.7429219774140302,0.1946978320213976,0.1344123409609264,0.0714131721068251,0.8412273142627831,0.5847080749536413,0.0001,0.7174302994183374,0.28354774608181,0.0668848246849022,0.1831058700143926,1.0,0.305755397896951,0.2308465679532003,0.0463243133102374,0.0290240530347529,0.0374309185362581,0.7514845857787316,0.2946617029799716,0.5476515694384559,0.1890320204622932,0.4306604016344199,0.1541824798504724,0.2002040313387561,0.3010986075911945,0.9803023924682202,0.4316812087197054,0.9947088865495706,0.0685977085980582,0.6027400252077739,0.7196908688327648,0.725021953340872,0.33,1952
0,0,0.0830529437443794,-0.3744289819136297,0.3916582625046949,0.8871835215386445,-0.9834255836658544,0.8064495393095503,0.9156144176223504,0.7457904400080322,-0.7610492899380352,0.8024513335843286,-0.3063926633328986,0.9946175321351696,0.1183491020635212,-0.9243618782868528,-0.0752031100793106,0.6858324009360217,-0.7566805514825026,-0.3607194925584838,0.1751043330366184,-0.4938775979111616,-0.3637570701063268,-0.6634075917764457,0.1928209749033063,0.623545875616172,0.0163686742119679,-0.3127225411810808,-0.6972802243575837,0.0976364937358229,0.8800517148327911,0.9162620020305604,-0.2502480525662385,-0.91961867465172,0.0822732787245845,0.7722424877152381,0.962196662200014,-0.1443048565573228,0.0893108085453173,-0.0120673116281104,-0.0198565539176596,0.1826365151749263,0.4985468559051516,0.6671486705232506,0.1208597092649965,0.7167535732286845,0.2064929309011312,0.0179013927079629,-0.8026862906757475,0.4102367465720755,0.1715710686179772,-0.3896503072305952,-0.2031641547406519,-0.354856561220725,-0.6304747582562922,-0.7118419119055477,-0.7414641579229118,-0.7412690072267321,-0.5591640265918603,0.0339753767350037,0.2911967461215821,-0.7966022034887601,0.259619188701442,0.563766084290007,0.1802658386872654,0.6900088636091343,0.29935973207844,0.6750098232832271,0.8031307446358794,0.2049139525299668,0.6878753612315098,0.2032329654147991,0.4329354804412126,0.8424406246645504,0.5385270183899395,0.4831329607719694,0.3342475208005753,0.7802115012676714,0.927997995396435,0.4777476943379667,0.378845798542439,0.6884256063825891,0.4982914828363619,0.2385032605582149,0.2559847729073775,0.3155173178921943,0.8196967847506482,0.6861322677823035,0.2560506305814888,0.2980880563392462,0.7739071558342318,0.9112357311347412,0.02552169899712,0.3879868553615809,0.0983328687732964,0.8027484038140706,0.8418535989970368,0.6203144683425299,0.2153478421036239,0.8094436902637727,0.4281975680454348,0.8191401235745202,0.2389718977072364,0.0115020015778162,0.3945258312038691,0.8081851780264402,0.9305332299498842,0.4341130690381444,0.5154849127702541,0.8868935806888614,0.0009231371480829,0.6991918980856542,0.1742743499677046,0.029053725899288,0.3777976633342186,0.6136720666907688,0.2392639837827649,0.0258117744393982,0.7370998969525555,0.2833183892120101,0.6806830278181212,0.0401490530098411,0.0577671302918897,0.0237240096686602,0.9779857707413108,0.6997968996650992,0.0184236397381838,0.6297205260751987,0.1903815513181821,0.3912444555408229,0.3053671609133601,0.538239611954244,0.6853057584799599,0.1317403669630585,0.3666865811915172,0.8569469686468933,0.2559084053683857,0.2556406634342351,0.4530041475955093,0.5546947283539546,0.47,198
0,0,-0.9140046167649544,0.4354438493022878,-0.2031565181274884,-0.826161167668332,-0.8661868022403922,0.0924196188271094,0.3541967568109859,-0.442383142174095,-0.4277677677781026,-0.559993263885894,-0.4784090076196993,-0.5011430429759045,0.553463597140581,-0.1135859457865504,-0.5523940609913933,-0.8036950611566345,-0.5824467811899835,-0.2328473462101808,0.3686324116464646,-0.9856686842015135,-0.6687828559308506,-0.6540084451150544,-0.117138771811907,-0.5609949480954645,-0.3712252907342412,-1.0,-0.995756008849833,-0.2063754163995807,-0.2420591987610316,-0.7631664260071519,-0.2255654462453838,-1.0,0.0998906120729867,-0.2391780402828008,-0.7618459789099316,-0.5448955460692056,0.0996892222946979,0.862992694196664,-0.1302047353974006,0.2377906434232229,-1.0,-0.8413437859781412,-0.3002132599943622,-0.6974660612702349,0.5233308859539593,-0.1952837604721189,-0.553526085650161,-0.1865971176916044,0.9350789431033716,0.1447584415656728,-0.0423958962086475,0.1749664988877138,-0.2175360115272892,-0.8201889754704097,0.2155178431609553,-0.0942734824114797,-0.1864901905666638,0.8807800677574587,-0.7852484696407569,1.0,0.522130622420584,0.260451509735459,0.2737447182004724,0.2123684505016367,0.206711347476306,0.6864994621962915,0.1199347871864923,0.6206848116447501,0.3764374168754489,0.296868927388691,0.6476865646194696,0.1982537485371577,0.6963020002489162,0.5183164932767349,0.3074136909908096,0.090375043464236,0.2809774899067663,0.8514345288209739,0.0643907128591371,0.8464165138046724,0.9827956026963142,0.6603731216922473,0.3623414282194929,0.5742313395600793,0.2851160263392477,0.347534937727889,0.4788583008949624,0.030396757348663,0.8539709671087546,0.0323306625257923,0.5674831614878753,0.3936518809192915,0.6955115106254199,0.0693651657692086,0.0615007077117727,0.1017875886993727,0.1915267055075925,0.3676971172263277,0.1721059466854238,0.1734239015370226,0.5463213376786049,0.926052618375365,0.7743937362892129,0.0093599227353426,0.6075958163104569,0.831748133140306,0.7429219774140302,0.1946978320213976,0.1344123409609264,0.0714131721068251,0.8412273142627831,0.5847080749536413,0.0001,0.7174302994183374,0.28354774608181,0.0668848246849022,0.1831058700143926,1.0,0.305755397896951,0.2308465679532003,0.0463243133102374,0.0290240530347529,0.0374309185362581,0.7514845857787316,0.2946617029799716,0.5476515694384559,0.1890320204622932,0.4306604016344199,0.1541824798504724,0.2002040313387561,0.3010986075911945,0.9803023924682202,0.4316812087197054,0.9947088865495706,0.0685977085980582,0.6027400252077739,0.7196908688327648,0.725021953340872,0.33,2049
0,0,-0.9140046167649544,0.4354438493022878,-0.2031565181274884,-0.826161167668332,-0.8661868022403922,0.0924196188271094,0.3541967568109859,-0.442383142174095,-0.4277677677781026,-0.559993263885894,-0.4784090076196993,-0.5011430429759045,0.553463597140581,-0.1135859457865504,-0.5523940609913933,-0.8036950611566345,-0.5824467811899835,-0.2328473462101808,0.3686324116464646,-0.9856686842015135,-0.6687828559308506,-0.6540084451150544,-0.117138771811907,-0.5609949480954645,-0.3712252907342412,-1.0,-0.995756008849833,-0.2063754163995807,-0.2420591987610316,-0.7631664260071519,-0.2255654462453838,-1.0,0.0998906120729867,-0.2391780402828008,-0.7618459789099316,-0.5448955460692056,0.0996892222946979,0.862992694196664,-0.1302047353974006,0.2377906434232229,-1.0,-0.8413437859781412,-0.3002132599943622,-0.6974660612702349,0.5233308859539593,-0.1952837604721189,-0.553526085650161,-0.1865971176916044,0.9350789431033716,0.1447584415656728,-0.0423958962086475,0.1749664988877138,-0.2175360115272892,-0.8201889754704097,0.2155178431609553,-0.0942734824114797,-0.1864901905666638,0.8807800677574587,-0.7852484696407569,1.0,0.522130622420584,0.260451509735459,0.2737447182004724,0.2123684505016367,0.206711347476306,0.6864994621962915,0.1199347871864923,0.6206848116447501,0.3764374168754489,0.296868927388691,0.6476865646194696,0.1982537485371577,0.6963020002489162,0.5183164932767349,0.3074136909908096,0.090375043464236,0.2809774899067663,0.8514345288209739,0.0643907128591371,0.8464165138046724,0.9827956026963142,0.6603731216922473,0.3623414282194929,0.5742313395600793,0.2851160263392477,0.347534937727889,0.4788583008949624,0.030396757348663,0.8539709671087546,0.0323306625257923,0.5674831614878753,0.3936518809192915,0.6955115106254199,0.0693651657692086,0.0615007077117727,0.1017875886993727,0.1915267055075925,0.3676971172263277,0.1721059466854238,0.1734239015370226,0.5463213376786049,0.926052618375365,0.7743937362892129,0.0093599227353426,0.6075958163104569,0.831748133140306,0.7429219774140302,0.1946978320213976,0.1344123409609264,0.0714131721068251,0.8412273142627831,0.5847080749536413,0.0001,0.7174302994183374,0.28354774608181,0.0668848246849022,0.1831058700143926,1.0,0.305755397896951,0.2308465679532003,0.0463243133102374,0.0290240530347529,0.0374309185362581,0.7514845857787316,0.2946617029799716,0.5476515694384559,0.1890320204622932,0.4306604016344199,0.1541824798504724,0.2002040313387561,0.3010986075911945,0.9803023924682202,0.4316812087197054,0.9947088865495706,0.0685977085980582,0.6027400252077739,0.7196908688327648,0.725021953340872,0.33,2145
0,0,-0.9140046167649544,0.4354438493022878,-0.2031565181274884,-0.826161167668332,-0.8661868022403922,0.0924196188271094,0.3541967568109859,-0.442383142174095,-0.4277677677781026,-0.559993263885894,-0.4784090076196993,-0.5011430429759045,0.553463597140581,-0.1135859457865504,-0.5523940609913933,-0.8036950611566345,-0.5824467811899835,-0.2328473462101808,0.3686324116464646,-0.9856686842015135,-0.6687828559308506,-0.6540084451150544,-0.117138771811907,-0.5609949480954645,-0.3712252907342412,-1.0,-0.995756008849833,-0.2063754163995807,-0.2420591987610316,-0.7631664260071519,-0.2255654462453838,-1.0,0.0998906120729867,-0.2391780402828008,-0.7618459789099316,-0.5448955460692056,0.0996892222946979,0.862992694196664,-0.1302047353974006,0.2377906434232229,-1.0,-0.8413437859781412,-0.3002132599943622,-0.6974660612702349,0.5233308859539593,-0.1952837604721189,-0.553526085650161,-0.1865971176916044,0.9350789431033716,0.1447584415656728,-0.0423958962086475,0.1749664988877138,-0.2175360115272892,-0.8201889754704097,0.2155178431609553,-0.0942734824114797,-0.1864901905666638,0.8807800677574587,-0.7852484696407569,1.0,0.522130622420584,0.260451509735459,0.2737447182004724,0.2123684505016367,0.206711347476306,0.6864994621962915,0.1199347871864923,0.6206848116447501,0.3764374168754489,0.296868927388691,0.6476865646194696,0.1982537485371577,0.6963020002489162,0.5183164932767349,0.3074136909908096,0.090375043464236,0.2809774899067663,0.8514345288209739,0.0643907128591371,0.8464165138046724,0.9827956026963142,0.6603731216922473,0.3623414282194929,0.5742313395600793,0.2851160263392477,0.347534937727889,0.4788583008949624,0.030396757348663,0.8539709671087546,0.0323306625257923,0.5674831614878753,0.3936518809192915,0.6955115106254199,0.0693651657692086,0.0615007077117727,0.1017875886993727,0.1915267055075925,0.3676971172263277,0.1721059466854238,0.1734239015370226,0.5463213376786049,0.926052618375365,0.7743937362892129,0.0093599227353426,0.6075958163104569,0.831748133140306,0.7429219774140302,0.1946978320213976,0.1344123409609264,0.0714131721068251,0.8412273142627831,0.5847080749536413,0.0001,0.7174302994183374,0.28354774608181,0.0668848246849022,0.1831058700143926,1.0,0.305755397896951,0.2308465679532003,0.0463243133102374,0.0290240530347529,0.0374309185362581,0.7514845857787316,0.2946617029799716,0.5476515694384559,0.1890320204622932,0.4306604016344199,0.1541824798504724,0.2002040313387561,0.3010986075911945,0.9803023924682202,0.4316812087197054,0.9947088865495706,0.0685977085980582,0.6027400252077739,0.7196908688327648,0.725021953340872,0.33,2243
0,0,-0.9140046167649544,0.4354438493022878,-0.2031565181274884,-0.826161167668332,-0.8661868022403922,0.0924196188271094,0.3541967568109859,-0.442383142174095,-0.4277677677781026,-0.559993263885894,-0.4784090076196993,-0.5011430429759045,0.553463597140581,-0.1135859457865504,-0.5523940609913933,-0.8036950611566345,-0.5824467811899835,-0.2328473462101808,0.3686324116464646,-0.9856686842015135,-0.6687828559308506,-0.6540084451150544,-0.117138771811907,-0.5609949480954645,-0.3712252907342412,-1.0,-0.995756008849833,-0.2063754163995807,-0.2420591987610316,-0.7631664260071519,-0.2255654462453838,-1.0,0.0998906120729867,-0.2391780402828008,-0.7618459789099316,-0.5448955460692056,0.0996892222946979,0.862992694196664,-0.1302047353974006,0.2377906434232229,-1.0,-0.8413437859781412,-0.3002132599943622,-0.6974660612702349,0.5233308859539593,-0.1952837604721189,-0.553526085650161,-0.1865971176916044,0.9350789431033716,0.1447584415656728,-0.0423958962086475,0.1749664988877138,-0.2175360115272892,-0.8201889754704097,0.2155178431609553,-0.0942734824114797,-0.1864901905666638,0.8807800677574587,-0.7852484696407569,1.0,0.522130622420584,0.260451509735459,0.2737447182004724,0.2123684505016367,0.206711347476306,0.6864994621962915,0.1199347871864923,0.6206848116447501,0.3764374168754489,0.296868927388691,0.6476865646194696,0.1982537485371577,0.6963020002489162,0.5183164932767349,0.3074136909908096,0.090375043464236,0.2809774899067663,0.8514345288209739,0.0643907128591371,0.8464165138046724,0.9827956026963142,0.6603731216922473,0.3623414282194929,0.5742313395600793,0.2851160263392477,0.347534937727889,0.4788583008949624,0.030396757348663,0.8539709671087546,0.0323306625257923,0.5674831614878753,0.3936518809192915,0.6955115106254199,0.0693651657692086,0.0615007077117727,0.1017875886993727,0.1915267055075925,0.3676971172263277,0.1721059466854238,0.1734239015370226,0.5463213376786049,0.926052618375365,0.7743937362892129,0.0093599227353426,0.6075958163104569,0.831748133140306,0.7429219774140302,0.1946978320213976,0.1344123409609264,0.0714131721068251,0.8412273142627831,0.5847080749536413,0.0001,0.7174302994183374,0.28354774608181,0.0668848246849022,0.1831058700143926,1.0,0.305755397896951,0.2308465679532003,0.0463243133102374,0.0290240530347529,0.0374309185362581,0.7514845857787316,0.2946617029799716,0.5476515694384559,0.1890320204622932,0.4306604016344199,0.1541824798504724,0.2002040313387561,0.3010986075911945,0.9803023924682202,0.4316812087197054,0.9947088865495706,0.0685977085980582,0.6027400252077739,0.7196908688327648,0.725021953340872,0.33,2342
0,0,-0.9399862806032424,0.2398976042545914,0.4249684074452328,0.4508438341722014,-0.8657242246575719,-0.8044697251917687,0.3127312538339206,-0.5748589073353751,-0.8080624478905883,-0.1949794602296476,-0.22516179349162,-0.3242907349143901,-0.3493425360725347,-0.6417650841367049,-0.7247489855234044,0.7868360192232187,-0.0508852469993476,-0.0875658652399504,-0.3615320311649036,-0.9683543048196982,0.4683163189135912,-0.6347314275211998,0.2556685531733332,-0.4906968884246568,-0.4146904814794266,-0.8760993440318339,-0.968097895465248,-0.8463852504515845,-0.8349615335896442,-0.7001935770991962,-0.3044582604493492,-0.8494996768923727,0.1748030491869253,-0.2122130300581263,-0.7520290088607766,-0.8143423699735016,0.1240458363929481,0.9810329536868264,0.3080456092866676,0.3512496279062748,-0.9560727412484376,0.6412300155049829,-0.7596785463323049,0.644740282086871,0.5977021382891838,-0.3437712519285917,-0.5033525939492092,-0.0012271834653465,0.4757611679263008,0.7315334065337561,0.5048907889227223,-0.1684436064692305,-0.2484310412585252,-0.5161017628459028,0.3801711728666755,0.0500662249158455,-0.8494673846572088,0.3163990458169748,-0.6837796909916342,0.9946505958416786,0.4351636790266104,0.3326148712744025,0.2729533360946332,0.4448278315549968,0.4686727983649669,0.6945326510498224,0.7468189943163072,0.4797556569906571,0.60216402176777,0.576681842833381,0.6277030700503903,0.3205646241657747,0.3116214818460494,0.6955123503939703,0.6460475016571445,0.4016435795009861,0.0522025484223495,0.9160051284915124,0.302331306626521,0.669006695420099,0.2049644904849625,0.5539580001292602,0.6265133868666813,0.5489519420041359,0.2882311045311231,0.3765005304621748,0.3840445757442096,0.0030706551773465,0.7155613440294759,0.2736701502938837,0.1822286384408317,0.4767196951714014,0.6877133041708725,0.2827412495894484,0.8701665415840687,0.0672010571229052,0.5452362469783283,0.3468862213302204,0.2686281679872513,0.303846725052308,0.4613967595281708,0.7484925224836693,0.2878442103928959,0.1993011228755713,0.9660706121085704,0.8204361840757636,0.8971747863529361,0.7549133795193044,0.0962107498700962,0.0522925879107298,0.8172058239688109,0.6133296137872742,0.812607715479922,0.7217714308865892,0.2388776928598677,0.0878203375316449,0.311884107958072,0.9886928969861728,0.3420773281361534,0.3912624950801751,0.0285760316341619,0.0168251277122794,0.0488768345795362,0.7470686538329953,0.6211061262313186,0.580242507053696,0.1909736101981289,0.4326084978629426,0.3022521152181883,0.5480296801602504,0.3040250277012034,0.5844433299308723,0.7357472087240375,0.4991243153286068,0.0741609166748703,0.504345862137741,0.7175863155908471,0.7622458508770606,0.32,2437
0,0,-0.9399862806032424,0.2398976042545914,0.4249684074452328,0.4508438341722014,-0.8657242246575719,-0.8044697251917687,0.3127312538339206,-0.5748589073353751,-0.8080624478905883,-0.1949794602296476,-0.22516179349162,-0.3242907349143901,-0.3493425360725347,-0.6417650841367049,-0.7247489855234044,0.7868360192232187,-0.0508852469993476,-0.0875658652399504,-0.3615320311649036,-0.9683543048196982,0.4683163189135912,-0.6347314275211998,0.2556685531733332,-0.4906968884246568,-0.4146904814794266,-0.8760993440318339,-0.968097895465248,-0.8463852504515845,-0.8349615335896442,-0.7001935770991962,-0.3044582604493492,-0.8494996768923727,0.1748030491869253,-0.2122130300581263,-0.7520290088607766,-0.8143423699735016,0.1240458363929481,0.9810329536868264,0.3080456092866676,0.3512496279062748,-0.9560727412484376,0.6412300155049829,-0.7596785463323049,0.644740282086871,0.5977021382891838,-0.3437712519285917,-0.5033525939492092,-0.0012271834653465,0.4757611679263008,0.7315334065337561,0.5048907889227223,-0.1684436064692305,-0.2484310412585252,-0.5161017628459028,0.3801711728666755,0.0500662249158455,-0.8494673846572088,0.3163990458169748,-0.6837796909916342,0.9946505958416786,0.4351636790266104,0.3326148712744025,0.2729533360946332,0.4448278315549968,0.4686727983649669,0.6945326510498224,0.7468189943163072,0.4797556569906571,0.60216402176777,0.576681842833381,0.6277030700503903,0.3205646241657747,0.3116214818460494,0.6955123503939703,0.6460475016571445,0.4016435795009861,0.0522025484223495,0.9160051284915124,0.302331306626521,0.669006695420099,0.2049644904849625,0.5539580001292602,0.6265133868666813,0.5489519420041359,0.2882311045311231,0.3765005304621748,0.3840445757442096,0.0030706551773465,0.7155613440294759,0.2736701502938837,0.1822286384408317,0.4767196951714014,0.6877133041708725,0.2827412495894484,0.8701665415840687,0.0672010571229052,0.5452362469783283,0.3468862213302204,0.2686281679872513,0.303846725052308,0.4613967595281708,0.7484925224836693,0.2878442103928959,0.1993011228755713,0.9660706121085704,0.8204361840757636,0.8971747863529361,0.7549133795193044,0.0962107498700962,0.0522925879107298,0.8172058239688109,0.6133296137872742,0.812607715479922,0.7217714308865892,0.2388776928598677,0.0878203375316449,0.311884107958072,0.9886928969861728,0.3420773281361534,0.3912624950801751,0.0285760316341619,0.0168251277122794,0.0488768345795362,0.7470686538329953,0.6211061262313186,0.580242507053696,0.1909736101981289,0.4326084978629426,0.3022521152181883,0.5480296801602504,0.3040250277012034,0.5844433299308723,0.7357472087240375,0.4991243153286068,0.0741609166748703,0.504345862137741,0.7175863155908471,0.7622458508770606,0.32,2537
0,0,-0.9399862806032424,0.2398976042545914,0.4249684074452328,0.4508438341722014,-0.8657242246575719,-0.8044697251917687,0.3127312538339206,-0.5748589073353751,-0.8080624478905883,-0.1949794602296476,-0.22516179349162,-0.3242907349143901,-0.3493425360725347,-0.6417650841367049,-0.7247489855234044,0.7868360192232187,-0.0508852469993476,-0.0875658652399504,-0.3615320311649036,-0.9683543048196982,0.4683163189135912,-0.6347314275211998,0.2556685531733332,-0.4906968884246568,-0.4146904814794266,-0.8760993440318339,-0.968097895465248,-0.8463852504515845,-0.8349615335896442,-0.7001935770991962,-0.3044582604493492,-0.8494996768923727,0.1748030491869253,-0.2122130300581263,-0.7520290088607766,-0.8143423699735016,0.1240458363929481,0.9810329536868264,0.3080456092866676,0.3512496279062748,-0.9560727412484376,0.6412300155049829,-0.7596785463323049,0.644740282086871,0.5977021382891838,-0.3437712519285917,-0.5033525939492092,-0.0012271834653465,0.4757611679263008,0.7315334065337561,0.5048907889227223,-0.1684436064692305,-0.2484310412585252,-0.5161017628459028,0.3801711728666755,0.0500662249158455,-0.8494673846572088,0.3163990458169748,-0.6837796909916342,0.9946505958416786,0.4351636790266104,0.3326148712744025,0.2729533360946332,0.4448278315549968,0.4686727983649669,0.6945326510498224,0.7468189943163072,0.4797556569906571,0.60216402176777,0.576681842833381,0.6277030700503903,0.3205646241657747,0.3116214818460494,0.6955123503939703,0.6460475016571445,0.4016435795009861,0.0522025484223495,0.9160051284915124,0.302331306626521,0.669006695420099,0.2049644904849625,0.5539580001292602,0.6265133868666813,0.5489519420041359,0.2882311045311231,0.3765005304621748,0.3840445757442096,0.0030706551773465,0.7155613440294759,0.2736701502938837,0.1822286384408317,0.4767196951714014,0.6877133041708725,0.2827412495894484,0.8701665415840687,0.0672010571229052,0.5452362469783283,0.3468862213302204,0.2686281679872513,0.303846725052308,0.4613967595281708,0.7484925224836693,0.2878442103928959,0.1993011228755713,0.9660706121085704,0.8204361840757636,0.8971747863529361,0.7549133795193044,0.0962107498700962,0.0522925879107298,0.8172058239688109,0.6133296137872742,0.812607715479922,0.7217714308865892,0.2388776928598677,0.0878203375316449,0.311884107958072,0.9886928969861728,0.3420773281361534,0.3912624950801751,0.0285760316341619,0.0168251277122794,0.0488768345795362,0.7470686538329953,0.6211061262313186,0.580242507053696,0.1909736101981289,0.4326084978629426,0.3022521152181883,0.5480296801602504,0.3040250277012034,0.5844433299308723,0.7357472087240375,0.4991243153286068,0.0741609166748703,0.504345862137741,0.7175863155908471,0.7622458508770606,0.32,2634
0,0,-0.9399862806032424,0.2398976042545914,0.4249684074452328,0.4508438341722014,-0.8657242246575719,-0.8044697251917687,0.3127312538339206,-0.5748589073353751,-0.8080624478905883,-0.1949794602296476,-0.22516179349162,-0.3242907349143901,-0.3493425360725347,-0.6417650841367049,-0.7247489855234044,0.7868360192232187,-0.0508852469993476,-0.0875658652399504,-0.3615320311649036,-0.9683543048196982,0.4683163189135912,-0.6347314275211998,0.2556685531733332,-0.4906968884246568,-0.4146904814794266,-0.8760993440318339,-0.968097895465248,-0.8463852504515845,-0.8349615335896442,-0.7001935770991962,-0.3044582604493492,-0.8494996768923727,0.1748030491869253,-0.2122130300581263,-0.7520290088607766,-0.8143423699735016,0.1240458363929481,0.9810329536868264,0.3080456092866676,0.3512496279062748,-0.9560727412484376,0.6412300155049829,-0.7596785463323049,0.644740282086871,0.5977021382891838,-0.3437712519285917,-0.5033525939492092,-0.0012271834653465,0.4757611679263008,0.7315334065337561,0.5048907889227223,-0.1684436064692305,-0.2484310412585252,-0.5161017628459028,0.3801711728666755,0.0500662249158455,-0.8494673846572088,0.3163990458169748,-0.6837796909916342,0.9946505958416786,0.4351636790266104,0.3326148712744025,0.2729533360946332,0.4448278315549968,0.4686727983649669,0.6945326510498224,0.7468189943163072,0.4797556569906571,0.60216402176777,0.576681842833381,0.6277030700503903,0.3205646241657747,0.3116214818460494,0.6955123503939703,0.6460475016571445,0.4016435795009861,0.0522025484223495,0.9160051284915124,0.302331306626521,0.669006695420099,0.2049644904849625,0.5539580001292602,0.6265133868666813,0.5489519420041359,0.2882311045311231,0.3765005304621748,0.3840445757442096,0.0030706551773465,0.7155613440294759,0.2736701502938837,0.1822286384408317,0.4767196951714014,0.6877133041708725,0.2827412495894484,0.8701665415840687,0.0672010571229052,0.5452362469783283,0.3468862213302204,0.2686281679872513,0.303846725052308,0.4613967595281708,0.7484925224836693,0.2878442103928959,0.1993011228755713,0.9660706121085704,0.8204361840757636,0.8971747863529361,0.7549133795193044,0.0962107498700962,0.0522925879107298,0.8172058239688109,0.6133296137872742,0.812607715479922,0.7217714308865892,0.2388776928598677,0.0878203375316449,0.311884107958072,0.9886928969861728,0.3420773281361534,0.3912624950801751,0.0285760316341619,0.0168251277122794,0.0488768345795362,0.7470686538329953,0.6211061262313186,0.580242507053696,0.1909736101981289,0.4326084978629426,0.3022521152181883,0.5480296801602504,0.3040250277012034,0.5844433299308723,0.7357472087240375,0.4991243153286068,0.0741609166748703,0.504345862137741,0.7175863155908471,0.7622458508770606,0.32,2733
0,0,-0.9399862806032424,0.2398976042545914,0.4249684074452328,0.4508438341722014,-0.8657242246575719,-0.8044697251917687,0.3127312538339206,-0.5748589073353751,-0.8080624478905883,-0.1949794602296476,-0.22516179349162,-0.3242907349143901,-0.3493425360725347,-0.6417650841367049,-0.7247489855234044,0.7868360192232187,-0.0508852469993476,-0.0875658652399504,-0.3615320311649036,-0.9683543048196982,0.4683163189135912,-0.6347314275211998,0.2556685531733332,-0.4906968884246568,-0.4146904814794266,-0.8760993440318339,-0.968097895465248,-0.8463852504515845,-0.8349615335896442,-0.7001935770991962,-0.3044582604493492,-0.8494996768923727,0.1748030491869253,-0.2122130300581263,-0.7520290088607766,-0.8143423699735016,0.1240458363929481,0.9810329536868264,0.3080456092866676,0.3512496279062748,-0.9560727412484376,0.6412300155049829,-0.7596785463323049,0.644740282086871,0.5977021382891838,-0.3437712519285917,-0.5033525939492092,-0.0012271834653465,0.4757611679263008,0.7315334065337561,0.5048907889227223,-0.1684436064692305,-0.2484310412585252,-0.5161017628459028,0.3801711728666755,0.0500662249158455,-0.8494673846572088,0.3163990458169748,-0.6837796909916342,0.9946505958416786,0.4351636790266104,0.3326148712744025,0.2729533360946332,0.4448278315549968,0.4686727983649669,0.6945326510498224,0.7468189943163072,0.4797556569906571,0.60216402176777,0.576681842833381,0.6277030700503903,0.3205646241657747,0.3116214818460494,0.6955123503939703,0.6460475016571445,0.4016435795009861,0.0522025484223495,0.9160051284915124,0.302331306626521,0.669006695420099,0.2049644904849625,0.5539580001292602,0.6265133868666813,0.5489519420041359,0.2882311045311231,0.3765005304621748,0.3840445757442096,0.0030706551773465,0.7155613440294759,0.2736701502938837,0.1822286384408317,0.4767196951714014,0.6877133041708725,0.2827412495894484,0.8701665415840687,0.0672010571229052,0.5452362469783283,0.3468862213302204,0.2686281679872513,0.303846725052308,0.4613967595281708,0.7484925224836693,0.2878442103928959,0.1993011228755713,0.9660706121085704,0.8204361840757636,0.8971747863529361,0.7549133795193044,0.0962107498700962,0.0522925879107298,0.8172058239688109,0.6133296137872742,0.812607715479922,0.7217714308865892,0.2388776928598677,0.0878203375316449,0.311884107958072,0.9886928969861728,0.3420773281361534,0.3912624950801751,0.0285760316341619,0.0168251277122794,0.0488768345795362,0.7470686538329953,0.6211061262313186,0.580242507053696,0.1909736101981289,0.4326084978629426,0.3022521152181883,0.5480296801602504,0.3040250277012034,0.5844433299308723,0.7357472087240375,0.4991243153286068,0.0741609166748703,0.504345862137741,0.7175863155908471,0.7622458508770606,0.32,2829
0,0,-0.9295141568100532,0.2392667614020561,0.4578047510734593,0.4475703614490648,-0.8664876304533127,-0.7968974178078032,0.3039699232189412,-0.5743278591984073,-0.8219786924816195,-0.1938631241253135,-0.2353114463787592,-0.3225471489937916,-0.3411880616694498,-0.6388067805051041,-0.7526672056804129,0.7530499363486901,-0.1269968737163049,-0.0881843115112172,-0.3428870576312399,-0.9645926995163536,0.4578169028494546,-0.6316007717461262,0.2563843515413141,-0.4966411910037741,-0.4494027461315806,-0.8736374287269785,-0.961264927659973,-0.8252995341237156,-0.8105942534058218,-0.6864759275819762,-0.3083009995507002,-0.860303549729593,0.1823990572719531,-0.2170495663352475,-0.7406081960460617,-0.808918384163122,0.1093396870902777,0.97255418996968,0.2685456214567944,0.3406601080572569,-1.0,0.6341176789307659,-0.750735470176636,0.6359013918940595,0.6036421664369511,-0.3492791172096787,-0.4999117912370447,-0.0044169560816741,0.4817468752823918,0.7192876631892953,0.4991325476976289,-0.1470439606611094,-0.2457782862714457,-0.5591664156413922,0.3710182509124194,0.0530189023800128,-0.845243672009996,0.3075616288238862,-0.690581625022361,1.0,0.4362072011171977,0.3369495536613836,0.27108284421643,0.4390674244080558,0.4569778726128266,0.67671849466088,0.7495076522275687,0.4729480586237528,0.5940201301233339,0.5730972310864788,0.6325807003263874,0.3233215502519013,0.3187379574966157,0.6990842286038744,0.6573277408889798,0.3628307331054087,0.0546780472719988,0.896499281071117,0.2961612633494988,0.6852386568927386,0.2123005886338754,0.573878821968126,0.6234401969767583,0.5556734337567811,0.2944078309815799,0.3717641757106817,0.3758491251499882,0.006113447460413,0.715383984875909,0.2591303284714394,0.1471468681003953,0.4896313291358376,0.6856930876466779,0.2842673911767447,0.8569159720682546,0.0701815356568395,0.5283444679084901,0.3444540072500883,0.2684595028735175,0.3016589275838434,0.4598651189244178,0.7363498487528531,0.2767074379183414,0.1956517865022286,0.941764205679964,0.8107886844599355,0.8674612481753496,0.7553824070938825,0.0928059676440296,0.0436382688997377,0.8061345617338213,0.6002891311028524,0.8022368309563148,0.7191334651632468,0.2374377319240017,0.0848810633955079,0.3369702213501612,0.983268176906152,0.3400038545947192,0.3946906956889018,0.0292880168496948,0.0168198570705076,0.0465665039017123,0.7486361734380901,0.6102792811476998,0.5754065665109515,0.1907831803628625,0.4280978631861348,0.3619886053103771,0.5125800799882617,0.300713105260349,0.5227904106520141,0.7250864928657242,0.5042567690694973,0.0730833533579312,0.5080357529183775,0.7158240053763029,0.7557118729115004,0.31,2926
0,0,0.0830529437443794,-0.3744289819136297,0.3916582625046949,0.8871835215386445,-0.9834255836658544,0.8064495393095503,0.9156144176223504,0.7457904400080322,-0.7610492899380352,0.8024513335843286,-0.3063926633328986,0.9946175321351696,0.1183491020635212,-0.9243618782868528,-0.0752031100793106,0.6858324009360217,-0.7566805514825026,-0.3607194925584838,0.1751043330366184,-0.4938775979111616,-0.3637570701063268,-0.6634075917764457,0.1928209749033063,0.623545875616172,0.0163686742119679,-0.3127225411810808,-0.6972802243575837,0.0976364937358229,0.8800517148327911,0.9162620020305604,-0.2502480525662385,-0.91961867465172,0.0822732787245845,0.7722424877152381,0.962196662200014,-0.1443048565573228,0.0893108085453173,-0.0120673116281104,-0.0198565539176596,0.1826365151749263,0.4985468559051516,0.6671486705232506,0.1208597092649965,0.7167535732286845,0.2064929309011312,0.0179013927079629,-0.8026862906757475,0.4102367465720755,0.1715710686179772,-0.3896503072305952,-0.2031641547406519,-0.354856561220725,-0.6304747582562922,-0.7118419119055477,-0.7414641579229118,-0.7412690072267321,-0.5591640265918603,0.0339753767350037,0.2911967461215821,-0.7966022034887601,0.259619188701442,0.563766084290007,0.1802658386872654,0.6900088636091343,0.29935973207844,0.6750098232832271,0.8031307446358794,0.2049139525299668,0.6878753612315098,0.2032329654147991,0.4329354804412126,0.8424406246645504,0.5385270183899395,0.4831329607719694,0.3342475208005753,0.7802115012676714,0.927997995396435,0.4777476943379667,0.378845798542439,0.6884256063825891,0.4982914828363619,0.2385032605582149,0.2559847729073775,0.3155173178921943,0.8196967847506482,0.6861322677823035,0.2560506305814888,0.2980880563392462,0.7739071558342318,0.9112357311347412,0.02552169899712,0.3879868553615809,0.0983328687732964,0.8027484038140706,0.8418535989970368,0.6203144683425299,0.2153478421036239,0.8094436902637727,0.4281975680454348,0.8191401235745202,0.2389718977072364,0.0115020015778162,0.3945258312038691,0.8081851780264402,0.9305332299498842,0.4341130690381444,0.5154849127702541,0.8868935806888614,0.0009231371480829,0.6991918980856542,0.1742743499677046,0.029053725899288,0.3777976633342186,0.6136720666907688,0.2392639837827649,0.0258117744393982,0.7370998969525555,0.2833183892120101,0.6806830278181212,0.0401490530098411,0.0577671302918897,0.0237240096686602,0.9779857707413108,0.6997968996650992,0.0184236397381838,0.6297205260751987,0.1903815513181821,0.3912444555408229,0.3053671609133601,0.538239611954244,0.6853057584799599,0.1317403669630585,0.3666865811915172,0.8569469686468933,0.2559084053683857,0.2556406634342351,0.4530041475955093,0.5546947283539546,0.47,294
0,0,-0.9295141568100532,0.2392667614020561,0.4578047510734593,0.4475703614490648,-0.8664876304533127,-0.7968974178078032,0.3039699232189412,-0.5743278591984073,-0.8219786924816195,-0.1938631241253135,-0.2353114463787592,-0.3225471489937916,-0.3411880616694498,-0.6388067805051041,-0.7526672056804129,0.7530499363486901,-0.1269968737163049,-0.0881843115112172,-0.3428870576312399,-0.9645926995163536,0.4578169028494546,-0.6316007717461262,0.2563843515413141,-0.4966411910037741,-0.4494027461315806,-0.8736374287269785,-0.961264927659973,-0.8252995341237156,-0.8105942534058218,-0.6864759275819762,-0.3083009995507002,-0.860303549729593,0.1823990572719531,-0.2170495663352475,-0.7406081960460617,-0.808918384163122,0.1093396870902777,0.97255418996968,0.2685456214567944,0.3406601080572569,-1.0,0.6341176789307659,-0.750735470176636,0.6359013918940595,0.6036421664369511,-0.3492791172096787,-0.4999117912370447,-0.0044169560816741,0.4817468752823918,0.7192876631892953,0.4991325476976289,-0.1470439606611094,-0.2457782862714457,-0.5591664156413922,0.3710182509124194,0.0530189023800128,-0.845243672009996,0.3075616288238862,-0.690581625022361,1.0,0.4362072011171977,0.3369495536613836,0.27108284421643,0.4390674244080558,0.4569778726128266,0.67671849466088,0.7495076522275687,0.4729480586237528,0.5940201301233339,0.5730972310864788,0.6325807003263874,0.3233215502519013,0.3187379574966157,0.6990842286038744,0.6573277408889798,0.3628307331054087,0.0546780472719988,0.896499281071117,0.2961612633494988,0.6852386568927386,0.2123005886338754,0.573878821968126,0.6234401969767583,0.5556734337567811,0.2944078309815799,0.3717641757106817,0.3758491251499882,0.006113447460413,0.715383984875909,0.2591303284714394,0.1471468681003953,0.4896313291358376,0.6856930876466779,0.2842673911767447,0.8569159720682546,0.0701815356568395,0.5283444679084901,0.3444540072500883,0.2684595028735175,0.3016589275838434,0.4598651189244178,0.7363498487528531,0.2767074379183414,0.1956517865022286,0.941764205679964,0.8107886844599355,0.8674612481753496,0.7553824070938825,0.0928059676440296,0.0436382688997377,0.8061345617338213,0.6002891311028524,0.8022368309563148,0.7191334651632468,0.2374377319240017,0.0848810633955079,0.3369702213501612,0.983268176906152,0.3400038545947192,0.3946906956889018,0.0292880168496948,0.0168198570705076,0.0465665039017123,0.7486361734380901,0.6102792811476998,0.5754065665109515,0.1907831803628625,0.4280978631861348,0.3619886053103771,0.5125800799882617,0.300713105260349,0.5227904106520141,0.7250864928657242,0.5042567690694973,0.0730833533579312,0.5080357529183775,0.7158240053763029,0.7557118729115004,0.31,3024
0,0,-0.9295141568100532,0.2392667614020561,0.4578047510734593,0.4475703614490648,-0.8664876304533127,-0.7968974178078032,0.3039699232189412,-0.5743278591984073,-0.8219786924816195,-0.1938631241253135,-0.2353114463787592,-0.3225471489937916,-0.3411880616694498,-0.6388067805051041,-0.7526672056804129,0.7530499363486901,-0.1269968737163049,-0.0881843115112172,-0.3428870576312399,-0.9645926995163536,0.4578169028494546,-0.6316007717461262,0.2563843515413141,-0.4966411910037741,-0.4494027461315806,-0.8736374287269785,-0.961264927659973,-0.8252995341237156,-0.8105942534058218,-0.6864759275819762,-0.3083009995507002,-0.860303549729593,0.1823990572719531,-0.2170495663352475,-0.7406081960460617,-0.808918384163122,0.1093396870902777,0.97255418996968,0.2685456214567944,0.3406601080572569,-1.0,0.6341176789307659,-0.750735470176636,0.6359013918940595,0.6036421664369511,-0.3492791172096787,-0.4999117912370447,-0.0044169560816741,0.4817468752823918,0.7192876631892953,0.4991325476976289,-0.1470439606611094,-0.2457782862714457,-0.5591664156413922,0.3710182509124194,0.0530189023800128,-0.845243672009996,0.3075616288238862,-0.690581625022361,1.0,0.4362072011171977,0.3369495536613836,0.27108284421643,0.4390674244080558,0.4569778726128266,0.67671849466088,0.7495076522275687,0.4729480586237528,0.5940201301233339,0.5730972310864788,0.6325807003263874,0.3233215502519013,0.3187379574966157,0.6990842286038744,0.6573277408889798,0.3628307331054087,0.0546780472719988,0.896499281071117,0.2961612633494988,0.6852386568927386,0.2123005886338754,0.573878821968126,0.6234401969767583,0.5556734337567811,0.2944078309815799,0.3717641757106817,0.3758491251499882,0.006113447460413,0.715383984875909,0.2591303284714394,0.1471468681003953,0.4896313291358376,0.6856930876466779,0.2842673911767447,0.8569159720682546,0.0701815356568395,0.5283444679084901,0.3444540072500883,0.2684595028735175,0.3016589275838434,0.4598651189244178,0.7363498487528531,0.2767074379183414,0.1956517865022286,0.941764205679964,0.8107886844599355,0.8674612481753496,0.7553824070938825,0.0928059676440296,0.0436382688997377,0.8061345617338213,0.6002891311028524,0.8022368309563148,0.7191334651632468,0.2374377319240017,0.0848810633955079,0.3369702213501612,0.983268176906152,0.3400038545947192,0.3946906956889018,0.0292880168496948,0.0168198570705076,0.0465665039017123,0.7486361734380901,0.6102792811476998,0.5754065665109515,0.1907831803628625,0.4280978631861348,0.3619886053103771,0.5125800799882617,0.300713105260349,0.5227904106520141,0.7250864928657242,0.5042567690694973,0.0730833533579312,0.5080357529183775,0.7158240053763029,0.7557118729115004,0.31,3122
0,0,-0.9295141568100532,0.2392667614020561,0.4578047510734593,0.4475703614490648,-0.8664876304533127,-0.7968974178078032,0.3039699232189412,-0.5743278591984073,-0.8219786924816195,-0.1938631241253135,-0.2353114463787592,-0.3225471489937916,-0.3411880616694498,-0.6388067805051041,-0.7526672056804129,0.7530499363486901,-0.1269968737163049,-0.0881843115112172,-0.3428870576312399,-0.9645926995163536,0.4578169028494546,-0.6316007717461262,0.2563843515413141,-0.4966411910037741,-0.4494027461315806,-0.8736374287269785,-0.961264927659973,-0.8252995341237156,-0.8105942534058218,-0.6864759275819762,-0.3083009995507002,-0.860303549729593,0.1823990572719531,-0.2170495663352475,-0.7406081960460617,-0.808918384163122,0.1093396870902777,0.97255418996968,0.2685456214567944,0.3406601080572569,-1.0,0.6341176789307659,-0.750735470176636,0.6359013918940595,0.6036421664369511,-0.3492791172096787,-0.4999117912370447,-0.0044169560816741,0.4817468752823918,0.7192876631892953,0.4991325476976289,-0.1470439606611094,-0.2457782862714457,-0.5591664156413922,0.3710182509124194,0.0530189023800128,-0.845243672009996,0.3075616288238862,-0.690581625022361,1.0,0.4362072011171977,0.3369495536613836,0.27108284421643,0.4390674244080558,0.4569778726128266,0.67671849466088,0.7495076522275687,0.4729480586237528,0.5940201301233339,0.5730972310864788,0.6325807003263874,0.3233215502519013,0.3187379574966157,0.6990842286038744,0.6573277408889798,0.3628307331054087,0.0546780472719988,0.896499281071117,0.2961612633494988,0.6852386568927386,0.2123005886338754,0.573878821968126,0.6234401969767583,0.5556734337567811,0.2944078309815799,0.3717641757106817,0.3758491251499882,0.006113447460413,0.715383984875909,0.2591303284714394,0.1471468681003953,0.4896313291358376,0.6856930876466779,0.2842673911767447,0.8569159720682546,0.0701815356568395,0.5283444679084901,0.3444540072500883,0.2684595028735175,0.3016589275838434,0.4598651189244178,0.7363498487528531,0.2767074379183414,0.1956517865022286,0.941764205679964,0.8107886844599355,0.8674612481753496,0.7553824070938825,0.0928059676440296,0.0436382688997377,0.8061345617338213,0.6002891311028524,0.8022368309563148,0.7191334651632468,0.2374377319240017,0.0848810633955079,0.3369702213501612,0.983268176906152,0.3400038545947192,0.3946906956889018,0.0292880168496948,0.0168198570705076,0.0465665039017123,0.7486361734380901,0.6102792811476998,0.5754065665109515,0.1907831803628625,0.4280978631861348,0.3619886053103771,0.5125800799882617,0.300713105260349,0.5227904106520141,0.7250864928657242,0.5042567690694973,0.0730833533579312,0.5080357529183775,0.7158240053763029,0.7557118729115004,0.31,3218
0,0,-0.9295141568100532,0.2392667614020561,0.4578047510734593,0.4475703614490648,-0.8664876304533127,-0.7968974178078032,0.3039699232189412,-0.5743278591984073,-0.8219786924816195,-0.1938631241253135,-0.2353114463787592,-0.3225471489937916,-0.3411880616694498,-0.6388067805051041,-0.7526672056804129,0.7530499363486901,-0.1269968737163049,-0.0881843115112172,-0.3428870576312399,-0.9645926995163536,0.4578169028494546,-0.6316007717461262,0.2563843515413141,-0.4966411910037741,-0.4494027461315806,-0.8736374287269785,-0.961264927659973,-0.8252995341237156,-0.8105942534058218,-0.6864759275819762,-0.3083009995507002,-0.860303549729593,0.1823990572719531,-0.2170495663352475,-0.7406081960460617,-0.808918384163122,0.1093396870902777,0.97255418996968,0.2685456214567944,0.3406601080572569,-1.0,0.6341176789307659,-0.750735470176636,0.6359013918940595,0.6036421664369511,-0.3492791172096787,-0.4999117912370447,-0.0044169560816741,0.4817468752823918,0.7192876631892953,0.4991325476976289,-0.1470439606611094,-0.2457782862714457,-0.5591664156413922,0.3710182509124194,0.0530189023800128,-0.845243672009996,0.3075616288238862,-0.690581625022361,1.0,0.4362072011171977,0.3369495536613836,0.27108284421643,0.4390674244080558,0.4569778726128266,0.67671849466088,0.7495076522275687,0.4729480586237528,0.5940201301233339,0.5730972310864788,0.6325807003263874,0.3233215502519013,0.3187379574966157,0.6990842286038744,0.6573277408889798,0.3628307331054087,0.0546780472719988,0.896499281071117,0.2961612633494988,0.6852386568927386,0.2123005886338754,0.573878821968126,0.6234401969767583,0.5556734337567811,0.2944078309815799,0.3717641757106817,0.3758491251499882,0.006113447460413,0.715383984875909,0.2591303284714394,0.1471468681003953,0.4896313291358376,0.6856930876466779,0.2842673911767447,0.8569159720682546,0.0701815356568395,0.5283444679084901,0.3444540072500883,0.2684595028735175,0.3016589275838434,0.4598651189244178,0.7363498487528531,0.2767074379183414,0.1956517865022286,0.941764205679964,0.8107886844599355,0.8674612481753496,0.7553824070938825,0.0928059676440296,0.0436382688997377,0.8061345617338213,0.6002891311028524,0.8022368309563148,0.7191334651632468,0.2374377319240017,0.0848810633955079,0.3369702213501612,0.983268176906152,0.3400038545947192,0.3946906956889018,0.0292880168496948,0.0168198570705076,0.0465665039017123,0.7486361734380901,0.6102792811476998,0.5754065665109515,0.1907831803628625,0.4280978631861348,0.3619886053103771,0.5125800799882617,0.300713105260349,0.5227904106520141,0.7250864928657242,0.5042567690694973,0.0730833533579312,0.5080357529183775,0.7158240053763029,0.7557118729115004,0.31,3315
0,0,-0.9295141568100532,0.2392667614020561,0.4578047510734593,0.4475703614490648,-0.8664876304533127,-0.7968974178078032,0.3039699232189412,-0.5743278591984073,-0.8219786924816195,-0.1938631241253135,-0.2353114463787592,-0.3225471489937916,-0.3411880616694498,-0.6388067805051041,-0.7526672056804129,0.7530499363486901,-0.1269968737163049,-0.0881843115112172,-0.3428870576312399,-0.9645926995163536,0.4578169028494546,-0.6316007717461262,0.2563843515413141,-0.4966411910037741,-0.4494027461315806,-0.8736374287269785,-0.961264927659973,-0.8252995341237156,-0.8105942534058218,-0.6864759275819762,-0.3083009995507002,-0.860303549729593,0.1823990572719531,-0.2170495663352475,-0.7406081960460617,-0.808918384163122,0.1093396870902777,0.97255418996968,0.2685456214567944,0.3406601080572569,-1.0,0.6341176789307659,-0.750735470176636,0.6359013918940595,0.6036421664369511,-0.3492791172096787,-0.4999117912370447,-0.0044169560816741,0.4817468752823918,0.7192876631892953,0.4991325476976289,-0.1470439606611094,-0.2457782862714457,-0.5591664156413922,0.3710182509124194,0.0530189023800128,-0.845243672009996,0.3075616288238862,-0.690581625022361,1.0,0.4362072011171977,0.3369495536613836,0.27108284421643,0.4390674244080558,0.4569778726128266,0.67671849466088,0.7495076522275687,0.4729480586237528,0.5940201301233339,0.5730972310864788,0.6325807003263874,0.3233215502519013,0.3187379574966157,0.6990842286038744,0.6573277408889798,0.3628307331054087,0.0546780472719988,0.896499281071117,0.2961612633494988,0.6852386568927386,0.2123005886338754,0.573878821968126,0.6234401969767583,0.5556734337567811,0.2944078309815799,0.3717641757106817,0.3758491251499882,0.006113447460413,0.715383984875909,0.2591303284714394,0.1471468681003953,0.4896313291358376,0.6856930876466779,0.2842673911767447,0.8569159720682546,0.0701815356568395,0.5283444679084901,0.3444540072500883,0.2684595028735175,0.3016589275838434,0.4598651189244178,0.7363498487528531,0.2767074379183414,0.1956517865022286,0.941764205679964,0.8107886844599355,0.8674612481753496,0.7553824070938825,0.0928059676440296,0.0436382688997377,0.8061345617338213,0.6002891311028524,0.8022368309563148,0.7191334651632468,0.2374377319240017,0.0848810633955079,0.3369702213501612,0.983268176906152,0.3400038545947192,0.3946906956889018,0.0292880168496948,0.0168198570705076,0.0465665039017123,0.7486361734380901,0.6102792811476998,0.5754065665109515,0.1907831803628625,0.4280978631861348,0.3619886053103771,0.5125800799882617,0.300713105260349,0.5227904106520141,0.7250864928657242,0.5042567690694973,0.0730833533579312,0.5080357529183775,0.7158240053763029,0.7557118729115004,0.31,3411
0,0,-0.9295141568100532,0.2392667614020561,0.4578047510734593,0.4475703614490648,-0.8664876304533127,-0.7968974178078032,0.3039699232189412,-0.5743278591984073,-0.8219786924816195,-0.1938631241253135,-0.2353114463787592,-0.3225471489937916,-0.3411880616694498,-0.6388067805051041,-0.7526672056804129,0.7530499363486901,-0.1269968737163049,-0.0881843115112172,-0.3428870576312399,-0.9645926995163536,0.4578169028494546,-0.6316007717461262,0.2563843515413141,-0.4966411910037741,-0.4494027461315806,-0.8736374287269785,-0.961264927659973,-0.8252995341237156,-0.8105942534058218,-0.6864759275819762,-0.3083009995507002,-0.860303549729593,0.1823990572719531,-0.2170495663352475,-0.7406081960460617,-0.808918384163122,0.1093396870902777,0.97255418996968,0.2685456214567944,0.3406601080572569,-1.0,0.6341176789307659,-0.750735470176636,0.6359013918940595,0.6036421664369511,-0.3492791172096787,-0.4999117912370447,-0.0044169560816741,0.4817468752823918,0.7192876631892953,0.4991325476976289,-0.1470439606611094,-0.2457782862714457,-0.5591664156413922,0.3710182509124194,0.0530189023800128,-0.845243672009996,0.3075616288238862,-0.690581625022361,1.0,0.4362072011171977,0.3369495536613836,0.27108284421643,0.4390674244080558,0.4569778726128266,0.67671849466088,0.7495076522275687,0.4729480586237528,0.5940201301233339,0.5730972310864788,0.6325807003263874,0.3233215502519013,0.3187379574966157,0.6990842286038744,0.6573277408889798,0.3628307331054087,0.0546780472719988,0.896499281071117,0.2961612633494988,0.6852386568927386,0.2123005886338754,0.573878821968126,0.6234401969767583,0.5556734337567811,0.2944078309815799,0.3717641757106817,0.3758491251499882,0.006113447460413,0.715383984875909,0.2591303284714394,0.1471468681003953,0.4896313291358376,0.6856930876466779,0.2842673911767447,0.8569159720682546,0.0701815356568395,0.5283444679084901,0.3444540072500883,0.2684595028735175,0.3016589275838434,0.4598651189244178,0.7363498487528531,0.2767074379183414,0.1956517865022286,0.941764205679964,0.8107886844599355,0.8674612481753496,0.7553824070938825,0.0928059676440296,0.0436382688997377,0.8061345617338213,0.6002891311028524,0.8022368309563148,0.7191334651632468,0.2374377319240017,0.0848810633955079,0.3369702213501612,0.983268176906152,0.3400038545947192,0.3946906956889018,0.0292880168496948,0.0168198570705076,0.0465665039017123,0.7486361734380901,0.6102792811476998,0.5754065665109515,0.1907831803628625,0.4280978631861348,0.3619886053103771,0.5125800799882617,0.300713105260349,0.5227904106520141,0.7250864928657242,0.5042567690694973,0.0730833533579312,0.5080357529183775,0.7158240053763029,0.7557118729115004,0.31,3510
0,0,-0.9295141568100532,0.2392667614020561,0.4578047510734593,0.4475703614490648,-0.8664876304533127,-0.7968974178078032,0.3039699232189412,-0.5743278591984073,-0.8219786924816195,-0.1938631241253135,-0.2353114463787592,-0.3225471489937916,-0.3411880616694498,-0.6388067805051041,-0.7526672056804129,0.7530499363486901,-0.1269968737163049,-0.0881843115112172,-0.3428870576312399,-0.9645926995163536,0.4578169028494546,-0.6316007717461262,0.2563843515413141,-0.4966411910037741,-0.4494027461315806,-0.8736374287269785,-0.961264927659973,-0.8252995341237156,-0.8105942534058218,-0.6864759275819762,-0.3083009995507002,-0.860303549729593,0.1823990572719531,-0.2170495663352475,-0.7406081960460617,-0.808918384163122,0.1093396870902777,0.97255418996968,0.2685456214567944,0.3406601080572569,-1.0,0.6341176789307659,-0.750735470176636,0.6359013918940595,0.6036421664369511,-0.3492791172096787,-0.4999117912370447,-0.0044169560816741,0.4817468752823918,0.7192876631892953,0.4991325476976289,-0.1470439606611094,-0.2457782862714457,-0.5591664156413922,0.3710182509124194,0.0530189023800128,-0.845243672009996,0.3075616288238862,-0.690581625022361,1.0,0.4362072011171977,0.3369495536613836,0.27108284421643,0.4390674244080558,0.4569778726128266,0.67671849466088,0.7495076522275687,0.4729480586237528,0.5940201301233339,0.5730972310864788,0.6325807003263874,0.3233215502519013,0.3187379574966157,0.6990842286038744,0.6573277408889798,0.3628307331054087,0.0546780472719988,0.896499281071117,0.2961612633494988,0.6852386568927386,0.2123005886338754,0.573878821968126,0.6234401969767583,0.5556734337567811,0.2944078309815799,0.3717641757106817,0.3758491251499882,0.006113447460413,0.715383984875909,0.2591303284714394,0.1471468681003953,0.4896313291358376,0.6856930876466779,0.2842673911767447,0.8569159720682546,0.0701815356568395,0.5283444679084901,0.3444540072500883,0.2684595028735175,0.3016589275838434,0.4598651189244178,0.7363498487528531,0.2767074379183414,0.1956517865022286,0.941764205679964,0.8107886844599355,0.8674612481753496,0.7553824070938825,0.0928059676440296,0.0436382688997377,0.8061345617338213,0.6002891311028524,0.8022368309563148,0.7191334651632468,0.2374377319240017,0.0848810633955079,0.3369702213501612,0.983268176906152,0.3400038545947192,0.3946906956889018,0.0292880168496948,0.0168198570705076,0.0465665039017123,0.7486361734380901,0.6102792811476998,0.5754065665109515,0.1907831803628625,0.4280978631861348,0.3619886053103771,0.5125800799882617,0.300713105260349,0.5227904106520141,0.7250864928657242,0.5042567690694973,0.0730833533579312,0.5080357529183775,0.7158240053763029,0.7557118729115004,0.31,3610
0,0,-0.9295141568100532,0.2392667614020561,0.4578047510734593,0.4475703614490648,-0.8664876304533127,-0.7968974178078032,0.3039699232189412,-0.5743278591984073,-0.8219786924816195,-0.1938631241253135,-0.2353114463787592,-0.3225471489937916,-0.3411880616694498,-0.6388067805051041,-0.7526672056804129,0.7530499363486901,-0.1269968737163049,-0.0881843115112172,-0.3428870576312399,-0.9645926995163536,0.4578169028494546,-0.6316007717461262,0.2563843515413141,-0.4966411910037741,-0.4494027461315806,-0.8736374287269785,-0.961264927659973,-0.8252995341237156,-0.8105942534058218,-0.6864759275819762,-0.3083009995507002,-0.860303549729593,0.1823990572719531,-0.2170495663352475,-0.7406081960460617,-0.808918384163122,0.1093396870902777,0.97255418996968,0.2685456214567944,0.3406601080572569,-1.0,0.6341176789307659,-0.750735470176636,0.6359013918940595,0.6036421664369511,-0.3492791172096787,-0.4999117912370447,-0.0044169560816741,0.4817468752823918,0.7192876631892953,0.4991325476976289,-0.1470439606611094,-0.2457782862714457,-0.5591664156413922,0.3710182509124194,0.0530189023800128,-0.845243672009996,0.3075616288238862,-0.690581625022361,1.0,0.4362072011171977,0.3369495536613836,0.27108284421643,0.4390674244080558,0.4569778726128266,0.67671849466088,0.7495076522275687,0.4729480586237528,0.5940201301233339,0.5730972310864788,0.6325807003263874,0.3233215502519013,0.3187379574966157,0.6990842286038744,0.6573277408889798,0.3628307331054087,0.0546780472719988,0.896499281071117,0.2961612633494988,0.6852386568927386,0.2123005886338754,0.573878821968126,0.6234401969767583,0.5556734337567811,0.2944078309815799,0.3717641757106817,0.3758491251499882,0.006113447460413,0.715383984875909,0.2591303284714394,0.1471468681003953,0.4896313291358376,0.6856930876466779,0.2842673911767447,0.8569159720682546,0.0701815356568395,0.5283444679084901,0.3444540072500883,0.2684595028735175,0.3016589275838434,0.4598651189244178,0.7363498487528531,0.2767074379183414,0.1956517865022286,0.941764205679964,0.8107886844599355,0.8674612481753496,0.7553824070938825,0.0928059676440296,0.0436382688997377,0.8061345617338213,0.6002891311028524,0.8022368309563148,0.7191334651632468,0.2374377319240017,0.0848810633955079,0.3369702213501612,0.983268176906152,0.3400038545947192,0.3946906956889018,0.0292880168496948,0.0168198570705076,0.0465665039017123,0.7486361734380901,0.6102792811476998,0.5754065665109515,0.1907831803628625,0.4280978631861348,0.3619886053103771,0.5125800799882617,0.300713105260349,0.5227904106520141,0.7250864928657242,0.5042567690694973,0.0730833533579312,0.5080357529183775,0.7158240053763029,0.7557118729115004,0.31,3707
0,0,-0.9295141568100532,0.2392667614020561,0.4578047510734593,0.4475703614490648,-0.8664876304533127,-0.7968974178078032,0.3039699232189412,-0.5743278591984073,-0.8219786924816195,-0.1938631241253135,-0.2353114463787592,-0.3225471489937916,-0.3411880616694498,-0.6388067805051041,-0.7526672056804129,0.7530499363486901,-0.1269968737163049,-0.0881843115112172,-0.3428870576312399,-0.9645926995163536,0.4578169028494546,-0.6316007717461262,0.2563843515413141,-0.4966411910037741,-0.4494027461315806,-0.8736374287269785,-0.961264927659973,-0.8252995341237156,-0.8105942534058218,-0.6864759275819762,-0.3083009995507002,-0.860303549729593,0.1823990572719531,-0.2170495663352475,-0.7406081960460617,-0.808918384163122,0.1093396870902777,0.97255418996968,0.2685456214567944,0.3406601080572569,-1.0,0.6341176789307659,-0.750735470176636,0.6359013918940595,0.6036421664369511,-0.3492791172096787,-0.4999117912370447,-0.0044169560816741,0.4817468752823918,0.7192876631892953,0.4991325476976289,-0.1470439606611094,-0.2457782862714457,-0.5591664156413922,0.3710182509124194,0.0530189023800128,-0.845243672009996,0.3075616288238862,-0.690581625022361,1.0,0.4362072011171977,0.3369495536613836,0.27108284421643,0.4390674244080558,0.4569778726128266,0.67671849466088,0.7495076522275687,0.4729480586237528,0.5940201301233339,0.5730972310864788,0.6325807003263874,0.3233215502519013,0.3187379574966157,0.6990842286038744,0.6573277408889798,0.3628307331054087,0.0546780472719988,0.896499281071117,0.2961612633494988,0.6852386568927386,0.2123005886338754,0.573878821968126,0.6234401969767583,0.5556734337567811,0.2944078309815799,0.3717641757106817,0.3758491251499882,0.006113447460413,0.715383984875909,0.2591303284714394,0.1471468681003953,0.4896313291358376,0.6856930876466779,0.2842673911767447,0.8569159720682546,0.0701815356568395,0.5283444679084901,0.3444540072500883,0.2684595028735175,0.3016589275838434,0.4598651189244178,0.7363498487528531,0.2767074379183414,0.1956517865022286,0.941764205679964,0.8107886844599355,0.8674612481753496,0.7553824070938825,0.0928059676440296,0.0436382688997377,0.8061345617338213,0.6002891311028524,0.8022368309563148,0.7191334651632468,0.2374377319240017,0.0848810633955079,0.3369702213501612,0.983268176906152,0.3400038545947192,0.3946906956889018,0.0292880168496948,0.0168198570705076,0.0465665039017123,0.7486361734380901,0.6102792811476998,0.5754065665109515,0.1907831803628625,0.4280978631861348,0.3619886053103771,0.5125800799882617,0.300713105260349,0.5227904106520141,0.7250864928657242,0.5042567690694973,0.0730833533579312,0.5080357529183775,0.7158240053763029,0.7557118729115004,0.31,3803
0,0,0.0830529437443794,-0.3744289819136297,0.3916582625046949,0.8871835215386445,-0.9834255836658544,0.8064495393095503,0.9156144176223504,0.7457904400080322,-0.7610492899380352,0.8024513335843286,-0.3063926633328986,0.9946175321351696,0.1183491020635212,-0.9243618782868528,-0.0752031100793106,0.6858324009360217,-0.7566805514825026,-0.3607194925584838,0.1751043330366184,-0.4938775979111616,-0.3637570701063268,-0.6634075917764457,0.1928209749033063,0.623545875616172,0.0163686742119679,-0.3127225411810808,-0.6972802243575837,0.0976364937358229,0.8800517148327911,0.9162620020305604,-0.2502480525662385,-0.91961867465172,0.0822732787245845,0.7722424877152381,0.962196662200014,-0.1443048565573228,0.0893108085453173,-0.0120673116281104,-0.0198565539176596,0.1826365151749263,0.4985468559051516,0.6671486705232506,0.1208597092649965,0.7167535732286845,0.2064929309011312,0.0179013927079629,-0.8026862906757475,0.4102367465720755,0.1715710686179772,-0.3896503072305952,-0.2031641547406519,-0.354856561220725,-0.6304747582562922,-0.7118419119055477,-0.7414641579229118,-0.7412690072267321,-0.5591640265918603,0.0339753767350037,0.2911967461215821,-0.7966022034887601,0.259619188701442,0.563766084290007,0.1802658386872654,0.6900088636091343,0.29935973207844,0.6750098232832271,0.8031307446358794,0.2049139525299668,0.6878753612315098,0.2032329654147991,0.4329354804412126,0.8424406246645504,0.5385270183899395,0.4831329607719694,0.3342475208005753,0.7802115012676714,0.927997995396435,0.4777476943379667,0.378845798542439,0.6884256063825891,0.4982914828363619,0.2385032605582149,0.2559847729073775,0.3155173178921943,0.8196967847506482,0.6861322677823035,0.2560506305814888,0.2980880563392462,0.7739071558342318,0.9112357311347412,0.02552169899712,0.3879868553615809,0.0983328687732964,0.8027484038140706,0.8418535989970368,0.6203144683425299,0.2153478421036239,0.8094436902637727,0.4281975680454348,0.8191401235745202,0.2389718977072364,0.0115020015778162,0.3945258312038691,0.8081851780264402,0.9305332299498842,0.4341130690381444,0.5154849127702541,0.8868935806888614,0.0009231371480829,0.6991918980856542,0.1742743499677046,0.029053725899288,0.3777976633342186,0.6136720666907688,0.2392639837827649,0.0258117744393982,0.7370998969525555,0.2833183892120101,0.6806830278181212,0.0401490530098411,0.0577671302918897,0.0237240096686602,0.9779857707413108,0.6997968996650992,0.0184236397381838,0.6297205260751987,0.1903815513181821,0.3912444555408229,0.3053671609133601,0.538239611954244,0.6853057584799599,0.1317403669630585,0.3666865811915172,0.8569469686468933,0.2559084053683857,0.2556406634342351,0.4530041475955093,0.5546947283539546,0.47,390
0,0,-0.9295141568100532,0.2392667614020561,0.4578047510734593,0.4475703614490648,-0.8664876304533127,-0.7968974178078032,0.3039699232189412,-0.5743278591984073,-0.8219786924816195,-0.1938631241253135,-0.2353114463787592,-0.3225471489937916,-0.3411880616694498,-0.6388067805051041,-0.7526672056804129,0.7530499363486901,-0.1269968737163049,-0.0881843115112172,-0.3428870576312399,-0.9645926995163536,0.4578169028494546,-0.6316007717461262,0.2563843515413141,-0.4966411910037741,-0.4494027461315806,-0.8736374287269785,-0.961264927659973,-0.8252995341237156,-0.8105942534058218,-0.6864759275819762,-0.3083009995507002,-0.860303549729593,0.1823990572719531,-0.2170495663352475,-0.7406081960460617,-0.808918384163122,0.1093396870902777,0.97255418996968,0.2685456214567944,0.3406601080572569,-1.0,0.6341176789307659,-0.750735470176636,0.6359013918940595,0.6036421664369511,-0.3492791172096787,-0.4999117912370447,-0.0044169560816741,0.4817468752823918,0.7192876631892953,0.4991325476976289,-0.1470439606611094,-0.2457782862714457,-0.5591664156413922,0.3710182509124194,0.0530189023800128,-0.845243672009996,0.3075616288238862,-0.690581625022361,1.0,0.4362072011171977,0.3369495536613836,0.27108284421643,0.4390674244080558,0.4569778726128266,0.67671849466088,0.7495076522275687,0.4729480586237528,0.5940201301233339,0.5730972310864788,0.6325807003263874,0.3233215502519013,0.3187379574966157,0.6990842286038744,0.6573277408889798,0.3628307331054087,0.0546780472719988,0.896499281071117,0.2961612633494988,0.6852386568927386,0.2123005886338754,0.573878821968126,0.6234401969767583,0.5556734337567811,0.2944078309815799,0.3717641757106817,0.3758491251499882,0.006113447460413,0.715383984875909,0.2591303284714394,0.1471468681003953,0.4896313291358376,0.6856930876466779,0.2842673911767447,0.8569159720682546,0.0701815356568395,0.5283444679084901,0.3444540072500883,0.2684595028735175,0.3016589275838434,0.4598651189244178,0.7363498487528531,0.2767074379183414,0.1956517865022286,0.941764205679964,0.8107886844599355,0.8674612481753496,0.7553824070938825,0.0928059676440296,0.0436382688997377,0.8061345617338213,0.6002891311028524,0.8022368309563148,0.7191334651632468,0.2374377319240017,0.0848810633955079,0.3369702213501612,0.983268176906152,0.3400038545947192,0.3946906956889018,0.0292880168496948,0.0168198570705076,0.0465665039017123,0.7486361734380901,0.6102792811476998,0.5754065665109515,0.1907831803628625,0.4280978631861348,0.3619886053103771,0.5125800799882617,0.300713105260349,0.5227904106520141,0.7250864928657242,0.5042567690694973,0.0730833533579312,0.5080357529183775,0.7158240053763029,0.7557118729115004,0.31,3902
0,0,-0.9295141568100532,0.2392667614020561,0.4578047510734593,0.4475703614490648,-0.8664876304533127,-0.7968974178078032,0.3039699232189412,-0.5743278591984073,-0.8219786924816195,-0.1938631241253135,-0.2353114463787592,-0.3225471489937916,-0.3411880616694498,-0.6388067805051041,-0.7526672056804129,0.7530499363486901,-0.1269968737163049,-0.0881843115112172,-0.3428870576312399,-0.9645926995163536,0.4578169028494546,-0.6316007717461262,0.2563843515413141,-0.4966411910037741,-0.4494027461315806,-0.8736374287269785,-0.961264927659973,-0.8252995341237156,-0.8105942534058218,-0.6864759275819762,-0.3083009995507002,-0.860303549729593,0.1823990572719531,-0.2170495663352475,-0.7406081960460617,-0.808918384163122,0.1093396870902777,0.97255418996968,0.2685456214567944,0.3406601080572569,-1.0,0.6341176789307659,-0.750735470176636,0.6359013918940595,0.6036421664369511,-0.3492791172096787,-0.4999117912370447,-0.0044169560816741,0.4817468752823918,0.7192876631892953,0.4991325476976289,-0.1470439606611094,-0.2457782862714457,-0.5591664156413922,0.3710182509124194,0.0530189023800128,-0.845243672009996,0.3075616288238862,-0.690581625022361,1.0,0.4362072011171977,0.3369495536613836,0.27108284421643,0.4390674244080558,0.4569778726128266,0.67671849466088,0.7495076522275687,0.4729480586237528,0.5940201301233339,0.5730972310864788,0.6325807003263874,0.3233215502519013,0.3187379574966157,0.6990842286038744,0.6573277408889798,0.3628307331054087,0.0546780472719988,0.896499281071117,0.2961612633494988,0.6852386568927386,0.2123005886338754,0.573878821968126,0.6234401969767583,0.5556734337567811,0.2944078309815799,0.3717641757106817,0.3758491251499882,0.006113447460413,0.715383984875909,0.2591303284714394,0.1471468681003953,0.4896313291358376,0.6856930876466779,0.2842673911767447,0.8569159720682546,0.0701815356568395,0.5283444679084901,0.3444540072500883,0.2684595028735175,0.3016589275838434,0.4598651189244178,0.7363498487528531,0.2767074379183414,0.1956517865022286,0.941764205679964,0.8107886844599355,0.8674612481753496,0.7553824070938825,0.0928059676440296,0.0436382688997377,0.8061345617338213,0.6002891311028524,0.8022368309563148,0.7191334651632468,0.2374377319240017,0.0848810633955079,0.3369702213501612,0.983268176906152,0.3400038545947192,0.3946906956889018,0.0292880168496948,0.0168198570705076,0.0465665039017123,0.7486361734380901,0.6102792811476998,0.5754065665109515,0.1907831803628625,0.4280978631861348,0.3619886053103771,0.5125800799882617,0.300713105260349,0.5227904106520141,0.7250864928657242,0.5042567690694973,0.0730833533579312,0.5080357529183775,0.7158240053763029,0.7557118729115004,0.31,4000
0,0,-0.9295141568100532,0.2392667614020561,0.4578047510734593,0.4475703614490648,-0.8664876304533127,-0.7968974178078032,0.3039699232189412,-0.5743278591984073,-0.8219786924816195,-0.1938631241253135,-0.2353114463787592,-0.3225471489937916,-0.3411880616694498,-0.6388067805051041,-0.7526672056804129,0.7530499363486901,-0.1269968737163049,-0.0881843115112172,-0.3428870576312399,-0.9645926995163536,0.4578169028494546,-0.6316007717461262,0.2563843515413141,-0.4966411910037741,-0.4494027461315806,-0.8736374287269785,-0.961264927659973,-0.8252995341237156,-0.8105942534058218,-0.6864759275819762,-0.3083009995507002,-0.860303549729593,0.1823990572719531,-0.2170495663352475,-0.7406081960460617,-0.808918384163122,0.1093396870902777,0.97255418996968,0.2685456214567944,0.3406601080572569,-1.0,0.6341176789307659,-0.750735470176636,0.6359013918940595,0.6036421664369511,-0.3492791172096787,-0.4999117912370447,-0.0044169560816741,0.4817468752823918,0.7192876631892953,0.4991325476976289,-0.1470439606611094,-0.2457782862714457,-0.5591664156413922,0.3710182509124194,0.0530189023800128,-0.845243672009996,0.3075616288238862,-0.690581625022361,1.0,0.4362072011171977,0.3369495536613836,0.27108284421643,0.4390674244080558,0.4569778726128266,0.67671849466088,0.7495076522275687,0.4729480586237528,0.5940201301233339,0.5730972310864788,0.6325807003263874,0.3233215502519013,0.3187379574966157,0.6990842286038744,0.6573277408889798,0.3628307331054087,0.0546780472719988,0.896499281071117,0.2961612633494988,0.6852386568927386,0.2123005886338754,0.573878821968126,0.6234401969767583,0.5556734337567811,0.2944078309815799,0.3717641757106817,0.3758491251499882,0.006113447460413,0.715383984875909,0.2591303284714394,0.1471468681003953,0.4896313291358376,0.6856930876466779,0.2842673911767447,0.8569159720682546,0.0701815356568395,0.5283444679084901,0.3444540072500883,0.2684595028735175,0.3016589275838434,0.4598651189244178,0.7363498487528531,0.2767074379183414,0.1956517865022286,0.941764205679964,0.8107886844599355,0.8674612481753496,0.7553824070938825,0.0928059676440296,0.0436382688997377,0.8061345617338213,0.6002891311028524,0.8022368309563148,0.7191334651632468,0.2374377319240017,0.0848810633955079,0.3369702213501612,0.983268176906152,0.3400038545947192,0.3946906956889018,0.0292880168496948,0.0168198570705076,0.0465665039017123,0.7486361734380901,0.6102792811476998,0.5754065665109515,0.1907831803628625,0.4280978631861348,0.3619886053103771,0.5125800799882617,0.300713105260349,0.5227904106520141,0.7250864928657242,0.5042567690694973,0.0730833533579312,0.5080357529183775,0.7158240053763029,0.7557118729115004,0.31,4099
0,0,-0.9295141568100532,0.2392667614020561,0.4578047510734593,0.4475703614490648,-0.8664876304533127,-0.7968974178078032,0.3039699232189412,-0.5743278591984073,-0.8219786924816195,-0.1938631241253135,-0.2353114463787592,-0.3225471489937916,-0.3411880616694498,-0.6388067805051041,-0.7526672056804129,0.7530499363486901,-0.1269968737163049,-0.0881843115112172,-0.3428870576312399,-0.9645926995163536,0.4578169028494546,-0.6316007717461262,0.2563843515413141,-0.4966411910037741,-0.4494027461315806,-0.8736374287269785,-0.961264927659973,-0.8252995341237156,-0.8105942534058218,-0.6864759275819762,-0.3083009995507002,-0.860303549729593,0.1823990572719531,-0.2170495663352475,-0.7406081960460617,-0.808918384163122,0.1093396870902777,0.97255418996968,0.2685456214567944,0.3406601080572569,-1.0,0.6341176789307659,-0.750735470176636,0.6359013918940595,0.6036421664369511,-0.3492791172096787,-0.4999117912370447,-0.0044169560816741,0.4817468752823918,0.7192876631892953,0.4991325476976289,-0.1470439606611094,-0.2457782862714457,-0.5591664156413922,0.3710182509124194,0.0530189023800128,-0.845243672009996,0.3075616288238862,-0.690581625022361,1.0,0.4362072011171977,0.3369495536613836,0.27108284421643,0.4390674244080558,0.4569778726128266,0.67671849466088,0.7495076522275687,0.4729480586237528,0.5940201301233339,0.5730972310864788,0.6325807003263874,0.3233215502519013,0.3187379574966157,0.6990842286038744,0.6573277408889798,0.3628307331054087,0.0546780472719988,0.896499281071117,0.2961612633494988,0.6852386568927386,0.2123005886338754,0.573878821968126,0.6234401969767583,0.5556734337567811,0.2944078309815799,0.3717641757106817,0.3758491251499882,0.006113447460413,0.715383984875909,0.2591303284714394,0.1471468681003953,0.4896313291358376,0.6856930876466779,0.2842673911767447,0.8569159720682546,0.0701815356568395,0.5283444679084901,0.3444540072500883,0.2684595028735175,0.3016589275838434,0.4598651189244178,0.7363498487528531,0.2767074379183414,0.1956517865022286,0.941764205679964,0.8107886844599355,0.8674612481753496,0.7553824070938825,0.0928059676440296,0.0436382688997377,0.8061345617338213,0.6002891311028524,0.8022368309563148,0.7191334651632468,0.2374377319240017,0.0848810633955079,0.3369702213501612,0.983268176906152,0.3400038545947192,0.3946906956889018,0.0292880168496948,0.0168198570705076,0.0465665039017123,0.7486361734380901,0.6102792811476998,0.5754065665109515,0.1907831803628625,0.4280978631861348,0.3619886053103771,0.5125800799882617,0.300713105260349,0.5227904106520141,0.7250864928657242,0.5042567690694973,0.0730833533579312,0.5080357529183775,0.7158240053763029,0.7557118729115004,0.31,4197
0,0,-0.9295141568100532,0.2392667614020561,0.4578047510734593,0.4475703614490648,-0.8664876304533127,-0.7968974178078032,0.3039699232189412,-0.5743278591984073,-0.8219786924816195,-0.1938631241253135,-0.2353114463787592,-0.3225471489937916,-0.3411880616694498,-0.6388067805051041,-0.7526672056804129,0.7530499363486901,-0.1269968737163049,-0.0881843115112172,-0.3428870576312399,-0.9645926995163536,0.4578169028494546,-0.6316007717461262,0.2563843515413141,-0.4966411910037741,-0.4494027461315806,-0.8736374287269785,-0.961264927659973,-0.8252995341237156,-0.8105942534058218,-0.6864759275819762,-0.3083009995507002,-0.860303549729593,0.1823990572719531,-0.2170495663352475,-0.7406081960460617,-0.808918384163122,0.1093396870902777,0.97255418996968,0.2685456214567944,0.3406601080572569,-1.0,0.6341176789307659,-0.750735470176636,0.6359013918940595,0.6036421664369511,-0.3492791172096787,-0.4999117912370447,-0.0044169560816741,0.4817468752823918,0.7192876631892953,0.4991325476976289,-0.1470439606611094,-0.2457782862714457,-0.5591664156413922,0.3710182509124194,0.0530189023800128,-0.845243672009996,0.3075616288238862,-0.690581625022361,1.0,0.4362072011171977,0.3369495536613836,0.27108284421643,0.4390674244080558,0.4569778726128266,0.67671849466088,0.7495076522275687,0.4729480586237528,0.5940201301233339,0.5730972310864788,0.6325807003263874,0.3233215502519013,0.3187379574966157,0.6990842286038744,0.6573277408889798,0.3628307331054087,0.0546780472719988,0.896499281071117,0.2961612633494988,0.6852386568927386,0.2123005886338754,0.573878821968126,0.6234401969767583,0.5556734337567811,0.2944078309815799,0.3717641757106817,0.3758491251499882,0.006113447460413,0.715383984875909,0.2591303284714394,0.1471468681003953,0.4896313291358376,0.6856930876466779,0.2842673911767447,0.8569159720682546,0.0701815356568395,0.5283444679084901,0.3444540072500883,0.2684595028735175,0.3016589275838434,0.4598651189244178,0.7363498487528531,0.2767074379183414,0.1956517865022286,0.941764205679964,0.8107886844599355,0.8674612481753496,0.7553824070938825,0.0928059676440296,0.0436382688997377,0.8061345617338213,0.6002891311028524,0.8022368309563148,0.7191334651632468,0.2374377319240017,0.0848810633955079,0.3369702213501612,0.983268176906152,0.3400038545947192,0.3946906956889018,0.0292880168496948,0.0168198570705076,0.0465665039017123,0.7486361734380901,0.6102792811476998,0.5754065665109515,0.1907831803628625,0.4280978631861348,0.3619886053103771,0.5125800799882617,0.300713105260349,0.5227904106520141,0.7250864928657242,0.5042567690694973,0.0730833533579312,0.5080357529183775,0.7158240053763029,0.7557118729115004,0.31,4298
0,0,-0.9295141568100532,0.2392667614020561,0.4578047510734593,0.4475703614490648,-0.8664876304533127,-0.7968974178078032,0.3039699232189412,-0.5743278591984073,-0.8219786924816195,-0.1938631241253135,-0.2353114463787592,-0.3225471489937916,-0.3411880616694498,-0.6388067805051041,-0.7526672056804129,0.7530499363486901,-0.1269968737163049,-0.0881843115112172,-0.3428870576312399,-0.9645926995163536,0.4578169028494546,-0.6316007717461262,0.2563843515413141,-0.4966411910037741,-0.4494027461315806,-0.8736374287269785,-0.961264927659973,-0.8252995341237156,-0.8105942534058218,-0.6864759275819762,-0.3083009995507002,-0.860303549729593,0.1823990572719531,-0.2170495663352475,-0.7406081960460617,-0.808918384163122,0.1093396870902777,0.97255418996968,0.2685456214567944,0.3406601080572569,-1.0,0.6341176789307659,-0.750735470176636,0.6359013918940595,0.6036421664369511,-0.3492791172096787,-0.4999117912370447,-0.0044169560816741,0.4817468752823918,0.7192876631892953,0.4991325476976289,-0.1470439606611094,-0.2457782862714457,-0.5591664156413922,0.3710182509124194,0.0530189023800128,-0.845243672009996,0.3075616288238862,-0.690581625022361,1.0,0.4362072011171977,0.3369495536613836,0.27108284421643,0.4390674244080558,0.4569778726128266,0.67671849466088,0.7495076522275687,0.4729480586237528,0.5940201301233339,0.5730972310864788,0.6325807003263874,0.3233215502519013,0.3187379574966157,0.6990842286038744,0.6573277408889798,0.3628307331054087,0.0546780472719988,0.896499281071117,0.2961612633494988,0.6852386568927386,0.2123005886338754,0.573878821968126,0.6234401969767583,0.5556734337567811,0.2944078309815799,0.3717641757106817,0.3758491251499882,0.006113447460413,0.715383984875909,0.2591303284714394,0.1471468681003953,0.4896313291358376,0.6856930876466779,0.2842673911767447,0.8569159720682546,0.0701815356568395,0.5283444679084901,0.3444540072500883,0.2684595028735175,0.3016589275838434,0.4598651189244178,0.7363498487528531,0.2767074379183414,0.1956517865022286,0.941764205679964,0.8107886844599355,0.8674612481753496,0.7553824070938825,0.0928059676440296,0.0436382688997377,0.8061345617338213,0.6002891311028524,0.8022368309563148,0.7191334651632468,0.2374377319240017,0.0848810633955079,0.3369702213501612,0.983268176906152,0.3400038545947192,0.3946906956889018,0.0292880168496948,0.0168198570705076,0.0465665039017123,0.7486361734380901,0.6102792811476998,0.5754065665109515,0.1907831803628625,0.4280978631861348,0.3619886053103771,0.5125800799882617,0.300713105260349,0.5227904106520141,0.7250864928657242,0.5042567690694973,0.0730833533579312,0.5080357529183775,0.7158240053763029,0.7557118729115004,0.31,4393
0,0,-0.9295141568100532,0.2392667614020561,0.4578047510734593,0.4475703614490648,-0.8664876304533127,-0.7968974178078032,0.3039699232189412,-0.5743278591984073,-0.8219786924816195,-0.1938631241253135,-0.2353114463787592,-0.3225471489937916,-0.3411880616694498,-0.6388067805051041,-0.7526672056804129,0.7530499363486901,-0.1269968737163049,-0.0881843115112172,-0.3428870576312399,-0.9645926995163536,0.4578169028494546,-0.6316007717461262,0.2563843515413141,-0.4966411910037741,-0.4494027461315806,-0.8736374287269785,-0.961264927659973,-0.8252995341237156,-0.8105942534058218,-0.6864759275819762,-0.3083009995507002,-0.860303549729593,0.1823990572719531,-0.2170495663352475,-0.7406081960460617,-0.808918384163122,0.1093396870902777,0.97255418996968,0.2685456214567944,0.3406601080572569,-1.0,0.6341176789307659,-0.750735470176636,0.6359013918940595,0.6036421664369511,-0.3492791172096787,-0.4999117912370447,-0.0044169560816741,0.4817468752823918,0.7192876631892953,0.4991325476976289,-0.1470439606611094,-0.2457782862714457,-0.5591664156413922,0.3710182509124194,0.0530189023800128,-0.845243672009996,0.3075616288238862,-0.690581625022361,1.0,0.4362072011171977,0.3369495536613836,0.27108284421643,0.4390674244080558,0.4569778726128266,0.67671849466088,0.7495076522275687,0.4729480586237528,0.5940201301233339,0.5730972310864788,0.6325807003263874,0.3233215502519013,0.3187379574966157,0.6990842286038744,0.6573277408889798,0.3628307331054087,0.0546780472719988,0.896499281071117,0.2961612633494988,0.6852386568927386,0.2123005886338754,0.573878821968126,0.6234401969767583,0.5556734337567811,0.2944078309815799,0.3717641757106817,0.3758491251499882,0.006113447460413,0.715383984875909,0.2591303284714394,0.1471468681003953,0.4896313291358376,0.6856930876466779,0.2842673911767447,0.8569159720682546,0.0701815356568395,0.5283444679084901,0.3444540072500883,0.2684595028735175,0.3016589275838434,0.4598651189244178,0.7363498487528531,0.2767074379183414,0.1956517865022286,0.941764205679964,0.8107886844599355,0.8674612481753496,0.7553824070938825,0.0928059676440296,0.0436382688997377,0.8061345617338213,0.6002891311028524,0.8022368309563148,0.7191334651632468,0.2374377319240017,0.0848810633955079,0.3369702213501612,0.983268176906152,0.3400038545947192,0.3946906956889018,0.0292880168496948,0.0168198570705076,0.0465665039017123,0.7486361734380901,0.6102792811476998,0.5754065665109515,0.1907831803628625,0.4280978631861348,0.3619886053103771,0.5125800799882617,0.300713105260349,0.5227904106520141,0.7250864928657242,0.5042567690694973,0.0730833533579312,0.5080357529183775,0.7158240053763029,0.7557118729115004,0.31,4489
0,0,-0.9295141568100532,0.2392667614020561,0.4578047510734593,0.4475703614490648,-0.8664876304533127,-0.7968974178078032,0.3039699232189412,-0.5743278591984073,-0.8219786924816195,-0.1938631241253135,-0.2353114463787592,-0.3225471489937916,-0.3411880616694498,-0.6388067805051041,-0.7526672056804129,0.7530499363486901,-0.1269968737163049,-0.0881843115112172,-0.3428870576312399,-0.9645926995163536,0.4578169028494546,-0.6316007717461262,0.2563843515413141,-0.4966411910037741,-0.4494027461315806,-0.8736374287269785,-0.961264927659973,-0.8252995341237156,-0.8105942534058218,-0.6864759275819762,-0.3083009995507002,-0.860303549729593,0.1823990572719531,-0.2170495663352475,-0.7406081960460617,-0.808918384163122,0.1093396870902777,0.97255418996968,0.2685456214567944,0.3406601080572569,-1.0,0.6341176789307659,-0.750735470176636,0.6359013918940595,0.6036421664369511,-0.3492791172096787,-0.4999117912370447,-0.0044169560816741,0.4817468752823918,0.7192876631892953,0.4991325476976289,-0.1470439606611094,-0.2457782862714457,-0.5591664156413922,0.3710182509124194,0.0530189023800128,-0.845243672009996,0.3075616288238862,-0.690581625022361,1.0,0.4362072011171977,0.3369495536613836,0.27108284421643,0.4390674244080558,0.4569778726128266,0.67671849466088,0.7495076522275687,0.4729480586237528,0.5940201301233339,0.5730972310864788,0.6325807003263874,0.3233215502519013,0.3187379574966157,0.6990842286038744,0.6573277408889798,0.3628307331054087,0.0546780472719988,0.896499281071117,0.2961612633494988,0.6852386568927386,0.2123005886338754,0.573878821968126,0.6234401969767583,0.5556734337567811,0.2944078309815799,0.3717641757106817,0.3758491251499882,0.006113447460413,0.715383984875909,0.2591303284714394,0.1471468681003953,0.4896313291358376,0.6856930876466779,0.2842673911767447,0.8569159720682546,0.0701815356568395,0.5283444679084901,0.3444540072500883,0.2684595028735175,0.3016589275838434,0.4598651189244178,0.7363498487528531,0.2767074379183414,0.1956517865022286,0.941764205679964,0.8107886844599355,0.8674612481753496,0.7553824070938825,0.0928059676440296,0.0436382688997377,0.8061345617338213,0.6002891311028524,0.8022368309563148,0.7191334651632468,0.2374377319240017,0.0848810633955079,0.3369702213501612,0.983268176906152,0.3400038545947192,0.3946906956889018,0.0292880168496948,0.0168198570705076,0.0465665039017123,0.7486361734380901,0.6102792811476998,0.5754065665109515,0.1907831803628625,0.4280978631861348,0.3619886053103771,0.5125800799882617,0.300713105260349,0.5227904106520141,0.7250864928657242,0.5042567690694973,0.0730833533579312,0.5080357529183775,0.7158240053763029,0.7557118729115004,0.31,4585
0,0,-0.9295141568100532,0.2392667614020561,0.4578047510734593,0.4475703614490648,-0.8664876304533127,-0.7968974178078032,0.3039699232189412,-0.5743278591984073,-0.8219786924816195,-0.1938631241253135,-0.2353114463787592,-0.3225471489937916,-0.3411880616694498,-0.6388067805051041,-0.7526672056804129,0.7530499363486901,-0.1269968737163049,-0.0881843115112172,-0.3428870576312399,-0.9645926995163536,0.4578169028494546,-0.6316007717461262,0.2563843515413141,-0.4966411910037741,-0.4494027461315806,-0.8736374287269785,-0.961264927659973,-0.8252995341237156,-0.8105942534058218,-0.6864759275819762,-0.3083009995507002,-0.860303549729593,0.1823990572719531,-0.2170495663352475,-0.7406081960460617,-0.808918384163122,0.1093396870902777,0.97255418996968,0.2685456214567944,0.3406601080572569,-1.0,0.6341176789307659,-0.750735470176636,0.6359013918940595,0.6036421664369511,-0.3492791172096787,-0.4999117912370447,-0.0044169560816741,0.4817468752823918,0.7192876631892953,0.4991325476976289,-0.1470439606611094,-0.2457782862714457,-0.5591664156413922,0.3710182509124194,0.0530189023800128,-0.845243672009996,0.3075616288238862,-0.690581625022361,1.0,0.4362072011171977,0.3369495536613836,0.27108284421643,0.4390674244080558,0.4569778726128266,0.67671849466088,0.7495076522275687,0.4729480586237528,0.5940201301233339,0.5730972310864788,0.6325807003263874,0.3233215502519013,0.3187379574966157,0.6990842286038744,0.6573277408889798,0.3628307331054087,0.0546780472719988,0.896499281071117,0.2961612633494988,0.6852386568927386,0.2123005886338754,0.573878821968126,0.6234401969767583,0.5556734337567811,0.2944078309815799,0.3717641757106817,0.3758491251499882,0.006113447460413,0.715383984875909,0.2591303284714394,0.1471468681003953,0.4896313291358376,0.6856930876466779,0.2842673911767447,0.8569159720682546,0.0701815356568395,0.5283444679084901,0.3444540072500883,0.2684595028735175,0.3016589275838434,0.4598651189244178,0.7363498487528531,0.2767074379183414,0.1956517865022286,0.941764205679964,0.8107886844599355,0.8674612481753496,0.7553824070938825,0.0928059676440296,0.0436382688997377,0.8061345617338213,0.6002891311028524,0.8022368309563148,0.7191334651632468,0.2374377319240017,0.0848810633955079,0.3369702213501612,0.983268176906152,0.3400038545947192,0.3946906956889018,0.0292880168496948,0.0168198570705076,0.0465665039017123,0.7486361734380901,0.6102792811476998,0.5754065665109515,0.1907831803628625,0.4280978631861348,0.3619886053103771,0.5125800799882617,0.300713105260349,0.5227904106520141,0.7250864928657242,0.5042567690694973,0.0730833533579312,0.5080357529183775,0.7158240053763029,0.7557118729115004,0.31,4682
0,0,-0.9295141568100532,0.2392667614020561,0.4578047510734593,0.4475703614490648,-0.8664876304533127,-0.7968974178078032,0.3039699232189412,-0.5743278591984073,-0.8219786924816195,-0.1938631241253135,-0.2353114463787592,-0.3225471489937916,-0.3411880616694498,-0.6388067805051041,-0.7526672056804129,0.7530499363486901,-0.1269968737163049,-0.0881843115112172,-0.3428870576312399,-0.9645926995163536,0.4578169028494546,-0.6316007717461262,0.2563843515413141,-0.4966411910037741,-0.4494027461315806,-0.8736374287269785,-0.961264927659973,-0.8252995341237156,-0.8105942534058218,-0.6864759275819762,-0.3083009995507002,-0.860303549729593,0.1823990572719531,-0.2170495663352475,-0.7406081960460617,-0.808918384163122,0.1093396870902777,0.97255418996968,0.2685456214567944,0.3406601080572569,-1.0,0.6341176789307659,-0.750735470176636,0.6359013918940595,0.6036421664369511,-0.3492791172096787,-0.4999117912370447,-0.0044169560816741,0.4817468752823918,0.7192876631892953,0.4991325476976289,-0.1470439606611094,-0.2457782862714457,-0.5591664156413922,0.3710182509124194,0.0530189023800128,-0.845243672009996,0.3075616288238862,-0.690581625022361,1.0,0.4362072011171977,0.3369495536613836,0.27108284421643,0.4390674244080558,0.4569778726128266,0.67671849466088,0.7495076522275687,0.4729480586237528,0.5940201301233339,0.5730972310864788,0.6325807003263874,0.3233215502519013,0.3187379574966157,0.6990842286038744,0.6573277408889798,0.3628307331054087,0.0546780472719988,0.896499281071117,0.2961612633494988,0.6852386568927386,0.2123005886338754,0.573878821968126,0.6234401969767583,0.5556734337567811,0.2944078309815799,0.3717641757106817,0.3758491251499882,0.006113447460413,0.715383984875909,0.2591303284714394,0.1471468681003953,0.4896313291358376,0.6856930876466779,0.2842673911767447,0.8569159720682546,0.0701815356568395,0.5283444679084901,0.3444540072500883,0.2684595028735175,0.3016589275838434,0.4598651189244178,0.7363498487528531,0.2767074379183414,0.1956517865022286,0.941764205679964,0.8107886844599355,0.8674612481753496,0.7553824070938825,0.0928059676440296,0.0436382688997377,0.8061345617338213,0.6002891311028524,0.8022368309563148,0.7191334651632468,0.2374377319240017,0.0848810633955079,0.3369702213501612,0.983268176906152,0.3400038545947192,0.3946906956889018,0.0292880168496948,0.0168198570705076,0.0465665039017123,0.7486361734380901,0.6102792811476998,0.5754065665109515,0.1907831803628625,0.4280978631861348,0.3619886053103771,0.5125800799882617,0.300713105260349,0.5227904106520141,0.7250864928657242,0.5042567690694973,0.0730833533579312,0.5080357529183775,0.7158240053763029,0.7557118729115004,0.31,4781
0,0,-0.9295141568100532,0.2392667614020561,0.4578047510734593,0.4475703614490648,-0.8664876304533127,-0.7968974178078032,0.3039699232189412,-0.5743278591984073,-0.8219786924816195,-0.1938631241253135,-0.2353114463787592,-0.3225471489937916,-0.3411880616694498,-0.6388067805051041,-0.7526672056804129,0.7530499363486901,-0.1269968737163049,-0.0881843115112172,-0.3428870576312399,-0.9645926995163536,0.4578169028494546,-0.6316007717461262,0.2563843515413141,-0.4966411910037741,-0.4494027461315806,-0.8736374287269785,-0.961264927659973,-0.8252995341237156,-0.8105942534058218,-0.6864759275819762,-0.3083009995507002,-0.860303549729593,0.1823990572719531,-0.2170495663352475,-0.7406081960460617,-0.808918384163122,0.1093396870902777,0.97255418996968,0.2685456214567944,0.3406601080572569,-1.0,0.6341176789307659,-0.750735470176636,0.6359013918940595,0.6036421664369511,-0.3492791172096787,-0.4999117912370447,-0.0044169560816741,0.4817468752823918,0.7192876631892953,0.4991325476976289,-0.1470439606611094,-0.2457782862714457,-0.5591664156413922,0.3710182509124194,0.0530189023800128,-0.845243672009996,0.3075616288238862,-0.690581625022361,1.0,0.4362072011171977,0.3369495536613836,0.27108284421643,0.4390674244080558,0.4569778726128266,0.67671849466088,0.7495076522275687,0.4729480586237528,0.5940201301233339,0.5730972310864788,0.6325807003263874,0.3233215502519013,0.3187379574966157,0.6990842286038744,0.6573277408889798,0.3628307331054087,0.0546780472719988,0.896499281071117,0.2961612633494988,0.6852386568927386,0.2123005886338754,0.573878821968126,0.6234401969767583,0.5556734337567811,0.2944078309815799,0.3717641757106817,0.3758491251499882,0.006113447460413,0.715383984875909,0.2591303284714394,0.1471468681003953,0.4896313291358376,0.6856930876466779,0.2842673911767447,0.8569159720682546,0.0701815356568395,0.5283444679084901,0.3444540072500883,0.2684595028735175,0.3016589275838434,0.4598651189244178,0.7363498487528531,0.2767074379183414,0.1956517865022286,0.941764205679964,0.8107886844599355,0.8674612481753496,0.7553824070938825,0.0928059676440296,0.0436382688997377,0.8061345617338213,0.6002891311028524,0.8022368309563148,0.7191334651632468,0.2374377319240017,0.0848810633955079,0.3369702213501612,0.983268176906152,0.3400038545947192,0.3946906956889018,0.0292880168496948,0.0168198570705076,0.0465665039017123,0.7486361734380901,0.6102792811476998,0.5754065665109515,0.1907831803628625,0.4280978631861348,0.3619886053103771,0.5125800799882617,0.300713105260349,0.5227904106520141,0.7250864928657242,0.5042567690694973,0.0730833533579312,0.5080357529183775,0.7158240053763029,0.7557118729115004,0.31,4878
0,0,-1.0,0.1964909521257375,0.7155557734958624,0.6534061139070226,-0.850502963557578,-1.0,0.2811124895325608,-0.6943350924752296,-1.0,-0.1559961957790928,-0.4939022740178507,-0.1824456320400684,-0.4499670921998585,-0.6910724175725442,-0.7641143436445735,1.0,0.9905472893126686,-0.0536196845588501,-0.8285568479825071,-1.0,0.613183130238453,0.0654187945405084,-0.4320398730672223,-0.5262659961291538,-0.4833554792438805,-0.8552775681895952,-1.0,-0.961103839674708,-0.9886207979738229,-0.7776258208905265,-0.2800446435588252,-0.856348928653542,0.2547508101156401,-0.2943712879889629,-0.7593877910386652,0.958922786271846,0.3469845377098821,0.7655431106214106,-0.1743859434155406,0.3357597153310626,-0.8476003777307098,0.7837628280453581,-0.8857392647748569,0.8161290209845774,0.6085261474323489,-0.4109076798134999,-0.5059423642057215,-0.0034253085855684,0.2116791124624731,0.7302124076094711,0.525705581294771,-0.1313121060475396,-0.2504850257999456,-0.8913850941884907,0.4523485620781177,0.1003427033638421,-0.9355906619539242,0.2308616584143813,-0.6957701629501332,0.5594139058402794,0.4173495558360022,0.3568994511912652,0.2192802305091481,0.4882552158060324,0.5769043189078703,0.6610670922441821,0.829836559575005,0.4467031487329895,0.6667613698384314,0.6261705976048867,0.6212598601403159,0.3092848460175176,0.2826714748927971,0.8804856040648739,0.8874805776004007,0.4270365589052862,0.0001,0.9506417462832368,0.3180505146662072,0.2199986270039788,0.1141767307535704,0.6966101268333904,0.6295654310125498,0.5935710782962016,0.2959184872480985,0.3101598567770436,0.3722485318556243,0.1723980759992308,0.4777484670183312,0.4174940283805582,0.1557099527023391,0.4992407455481379,0.7224359086545277,0.3577494147057604,0.9983446675776336,0.0001,0.6173437638680113,0.1370295402552651,0.2482240156421453,0.2993024032182151,0.388049162751399,0.7034034789143755,0.2119386191980114,0.1905189991263305,0.9810881433989144,0.8558705858933436,0.8908990739784444,0.828578983380611,0.079747893158133,0.0001,0.7851839680296391,0.5859224502164873,0.9509719409090056,0.7512978311252586,0.2822031625925937,0.084996445235077,0.772074032018673,0.9917523139183432,0.3230440470769399,0.6961249043557498,0.0088634512787953,0.0167273026655709,0.0,0.7558297218376009,0.6822363630166859,0.5590740824509082,0.1980698173037694,0.6242122093354029,0.504929161276766,0.6723224776685501,0.2737267938129342,0.2228262175423433,0.9827199811155242,0.4327616305842441,0.0604509867258672,0.4749196934906564,0.6784281381892252,0.7237496478953733,0.41,488
0,0,-0.9295141568100532,0.2392667614020561,0.4578047510734593,0.4475703614490648,-0.8664876304533127,-0.7968974178078032,0.3039699232189412,-0.5743278591984073,-0.8219786924816195,-0.1938631241253135,-0.2353114463787592,-0.3225471489937916,-0.3411880616694498,-0.6388067805051041,-0.7526672056804129,0.7530499363486901,-0.1269968737163049,-0.0881843115112172,-0.3428870576312399,-0.9645926995163536,0.4578169028494546,-0.6316007717461262,0.2563843515413141,-0.4966411910037741,-0.4494027461315806,-0.8736374287269785,-0.961264927659973,-0.8252995341237156,-0.8105942534058218,-0.6864759275819762,-0.3083009995507002,-0.860303549729593,0.1823990572719531,-0.2170495663352475,-0.7406081960460617,-0.808918384163122,0.1093396870902777,0.97255418996968,0.2685456214567944,0.3406601080572569,-1.0,0.6341176789307659,-0.750735470176636,0.6359013918940595,0.6036421664369511,-0.3492791172096787,-0.4999117912370447,-0.0044169560816741,0.4817468752823918,0.7192876631892953,0.4991325476976289,-0.1470439606611094,-0.2457782862714457,-0.5591664156413922,0.3710182509124194,0.0530189023800128,-0.845243672009996,0.3075616288238862,-0.690581625022361,1.0,0.4362072011171977,0.3369495536613836,0.27108284421643,0.4390674244080558,0.4569778726128266,0.67671849466088,0.7495076522275687,0.4729480586237528,0.5940201301233339,0.5730972310864788,0.6325807003263874,0.3233215502519013,0.3187379574966157,0.6990842286038744,0.6573277408889798,0.3628307331054087,0.0546780472719988,0.896499281071117,0.2961612633494988,0.6852386568927386,0.2123005886338754,0.573878821968126,0.6234401969767583,0.5556734337567811,0.2944078309815799,0.3717641757106817,0.3758491251499882,0.006113447460413,0.715383984875909,0.2591303284714394,0.1471468681003953,0.4896313291358376,0.6856930876466779,0.2842673911767447,0.8569159720682546,0.0701815356568395,0.5283444679084901,0.3444540072500883,0.2684595028735175,0.3016589275838434,0.4598651189244178,0.7363498487528531,0.2767074379183414,0.1956517865022286,0.941764205679964,0.8107886844599355,0.8674612481753496,0.7553824070938825,0.0928059676440296,0.0436382688997377,0.8061345617338213,0.6002891311028524,0.8022368309563148,0.7191334651632468,0.2374377319240017,0.0848810633955079,0.3369702213501612,0.983268176906152,0.3400038545947192,0.3946906956889018,0.0292880168496948,0.0168198570705076,0.0465665039017123,0.7486361734380901,0.6102792811476998,0.5754065665109515,0.1907831803628625,0.4280978631861348,0.3619886053103771,0.5125800799882617,0.300713105260349,0.5227904106520141,0.7250864928657242,0.5042567690694973,0.0730833533579312,0.5080357529183775,0.7158240053763029,0.7557118729115004,0.31,4977
0,0,-0.9295141568100532,0.2392667614020561,0.4578047510734593,0.4475703614490648,-0.8664876304533127,-0.7968974178078032,0.3039699232189412,-0.5743278591984073,-0.8219786924816195,-0.1938631241253135,-0.2353114463787592,-0.3225471489937916,-0.3411880616694498,-0.6388067805051041,-0.7526672056804129,0.7530499363486901,-0.1269968737163049,-0.0881843115112172,-0.3428870576312399,-0.9645926995163536,0.4578169028494546,-0.6316007717461262,0.2563843515413141,-0.4966411910037741,-0.4494027461315806,-0.8736374287269785,-0.961264927659973,-0.8252995341237156,-0.8105942534058218,-0.6864759275819762,-0.3083009995507002,-0.860303549729593,0.1823990572719531,-0.2170495663352475,-0.7406081960460617,-0.808918384163122,0.1093396870902777,0.97255418996968,0.2685456214567944,0.3406601080572569,-1.0,0.6341176789307659,-0.750735470176636,0.6359013918940595,0.6036421664369511,-0.3492791172096787,-0.4999117912370447,-0.0044169560816741,0.4817468752823918,0.7192876631892953,0.4991325476976289,-0.1470439606611094,-0.2457782862714457,-0.5591664156413922,0.3710182509124194,0.0530189023800128,-0.845243672009996,0.3075616288238862,-0.690581625022361,1.0,0.4362072011171977,0.3369495536613836,0.27108284421643,0.4390674244080558,0.4569778726128266,0.67671849466088,0.7495076522275687,0.4729480586237528,0.5940201301233339,0.5730972310864788,0.6325807003263874,0.3233215502519013,0.3187379574966157,0.6990842286038744,0.6573277408889798,0.3628307331054087,0.0546780472719988,0.896499281071117,0.2961612633494988,0.6852386568927386,0.2123005886338754,0.573878821968126,0.6234401969767583,0.5556734337567811,0.2944078309815799,0.3717641757106817,0.3758491251499882,0.006113447460413,0.715383984875909,0.2591303284714394,0.1471468681003953,0.4896313291358376,0.6856930876466779,0.2842673911767447,0.8569159720682546,0.0701815356568395,0.5283444679084901,0.3444540072500883,0.2684595028735175,0.3016589275838434,0.4598651189244178,0.7363498487528531,0.2767074379183414,0.1956517865022286,0.941764205679964,0.8107886844599355,0.8674612481753496,0.7553824070938825,0.0928059676440296,0.0436382688997377,0.8061345617338213,0.6002891311028524,0.8022368309563148,0.7191334651632468,0.2374377319240017,0.0848810633955079,0.3369702213501612,0.983268176906152,0.3400038545947192,0.3946906956889018,0.0292880168496948,0.0168198570705076,0.0465665039017123,0.7486361734380901,0.6102792811476998,0.5754065665109515,0.1907831803628625,0.4280978631861348,0.3619886053103771,0.5125800799882617,0.300713105260349,0.5227904106520141,0.7250864928657242,0.5042567690694973,0.0730833533579312,0.5080357529183775,0.7158240053763029,0.7557118729115004,0.31,5076
0,0,-0.9295141568100532,0.2392667614020561,0.4578047510734593,0.4475703614490648,-0.8664876304533127,-0.7968974178078032,0.3039699232189412,-0.5743278591984073,-0.8219786924816195,-0.1938631241253135,-0.2353114463787592,-0.3225471489937916,-0.3411880616694498,-0.6388067805051041,-0.7526672056804129,0.7530499363486901,-0.1269968737163049,-0.0881843115112172,-0.3428870576312399,-0.9645926995163536,0.4578169028494546,-0.6316007717461262,0.2563843515413141,-0.4966411910037741,-0.4494027461315806,-0.8736374287269785,-0.961264927659973,-0.8252995341237156,-0.8105942534058218,-0.6864759275819762,-0.3083009995507002,-0.860303549729593,0.1823990572719531,-0.2170495663352475,-0.7406081960460617,-0.808918384163122,0.1093396870902777,0.97255418996968,0.2685456214567944,0.3406601080572569,-1.0,0.6341176789307659,-0.750735470176636,0.6359013918940595,0.6036421664369511,-0.3492791172096787,-0.4999117912370447,-0.0044169560816741,0.4817468752823918,0.7192876631892953,0.4991325476976289,-0.1470439606611094,-0.2457782862714457,-0.5591664156413922,0.3710182509124194,0.0530189023800128,-0.845243672009996,0.3075616288238862,-0.690581625022361,1.0,0.4362072011171977,0.3369495536613836,0.27108284421643,0.4390674244080558,0.4569778726128266,0.67671849466088,0.7495076522275687,0.4729480586237528,0.5940201301233339,0.5730972310864788,0.6325807003263874,0.3233215502519013,0.3187379574966157,0.6990842286038744,0.6573277408889798,0.3628307331054087,0.0546780472719988,0.896499281071117,0.2961612633494988,0.6852386568927386,0.2123005886338754,0.573878821968126,0.6234401969767583,0.5556734337567811,0.2944078309815799,0.3717641757106817,0.3758491251499882,0.006113447460413,0.715383984875909,0.2591303284714394,0.1471468681003953,0.4896313291358376,0.6856930876466779,0.2842673911767447,0.8569159720682546,0.0701815356568395,0.5283444679084901,0.3444540072500883,0.2684595028735175,0.3016589275838434,0.4598651189244178,0.7363498487528531,0.2767074379183414,0.1956517865022286,0.941764205679964,0.8107886844599355,0.8674612481753496,0.7553824070938825,0.0928059676440296,0.0436382688997377,0.8061345617338213,0.6002891311028524,0.8022368309563148,0.7191334651632468,0.2374377319240017,0.0848810633955079,0.3369702213501612,0.983268176906152,0.3400038545947192,0.3946906956889018,0.0292880168496948,0.0168198570705076,0.0465665039017123,0.7486361734380901,0.6102792811476998,0.5754065665109515,0.1907831803628625,0.4280978631861348,0.3619886053103771,0.5125800799882617,0.300713105260349,0.5227904106520141,0.7250864928657242,0.5042567690694973,0.0730833533579312,0.5080357529183775,0.7158240053763029,0.7557118729115004,0.31,5175
0,0,-0.9295141568100532,0.2392667614020561,0.4578047510734593,0.4475703614490648,-0.8664876304533127,-0.7968974178078032,0.3039699232189412,-0.5743278591984073,-0.8219786924816195,-0.1938631241253135,-0.2353114463787592,-0.3225471489937916,-0.3411880616694498,-0.6388067805051041,-0.7526672056804129,0.7530499363486901,-0.1269968737163049,-0.0881843115112172,-0.3428870576312399,-0.9645926995163536,0.4578169028494546,-0.6316007717461262,0.2563843515413141,-0.4966411910037741,-0.4494027461315806,-0.8736374287269785,-0.961264927659973,-0.8252995341237156,-0.8105942534058218,-0.6864759275819762,-0.3083009995507002,-0.860303549729593,0.1823990572719531,-0.2170495663352475,-0.7406081960460617,-0.808918384163122,0.1093396870902777,0.97255418996968,0.2685456214567944,0.3406601080572569,-1.0,0.6341176789307659,-0.750735470176636,0.6359013918940595,0.6036421664369511,-0.3492791172096787,-0.4999117912370447,-0.0044169560816741,0.4817468752823918,0.7192876631892953,0.4991325476976289,-0.1470439606611094,-0.2457782862714457,-0.5591664156413922,0.3710182509124194,0.0530189023800128,-0.845243672009996,0.3075616288238862,-0.690581625022361,1.0,0.4362072011171977,0.3369495536613836,0.27108284421643,0.4390674244080558,0.4569778726128266,0.67671849466088,0.7495076522275687,0.4729480586237528,0.5940201301233339,0.5730972310864788,0.6325807003263874,0.3233215502519013,0.3187379574966157,0.6990842286038744,0.6573277408889798,0.3628307331054087,0.0546780472719988,0.896499281071117,0.2961612633494988,0.6852386568927386,0.2123005886338754,0.573878821968126,0.6234401969767583,0.5556734337567811,0.2944078309815799,0.3717641757106817,0.3758491251499882,0.006113447460413,0.715383984875909,0.2591303284714394,0.1471468681003953,0.4896313291358376,0.6856930876466779,0.2842673911767447,0.8569159720682546,0.0701815356568395,0.5283444679084901,0.3444540072500883,0.2684595028735175,0.3016589275838434,0.4598651189244178,0.7363498487528531,0.2767074379183414,0.1956517865022286,0.941764205679964,0.8107886844599355,0.8674612481753496,0.7553824070938825,0.0928059676440296,0.0436382688997377,0.8061345617338213,0.6002891311028524,0.8022368309563148,0.7191334651632468,0.2374377319240017,0.0848810633955079,0.3369702213501612,0.983268176906152,0.3400038545947192,0.3946906956889018,0.0292880168496948,0.0168198570705076,0.0465665039017123,0.7486361734380901,0.6102792811476998,0.5754065665109515,0.1907831803628625,0.4280978631861348,0.3619886053103771,0.5125800799882617,0.300713105260349,0.5227904106520141,0.7250864928657242,0.5042567690694973,0.0730833533579312,0.5080357529183775,0.7158240053763029,0.7557118729115004,0.31,5273
0,0,-0.9295141568100532,0.2392667614020561,0.4578047510734593,0.4475703614490648,-0.8664876304533127,-0.7968974178078032,0.3039699232189412,-0.5743278591984073,-0.8219786924816195,-0.1938631241253135,-0.2353114463787592,-0.3225471489937916,-0.3411880616694498,-0.6388067805051041,-0.7526672056804129,0.7530499363486901,-0.1269968737163049,-0.0881843115112172,-0.3428870576312399,-0.9645926995163536,0.4578169028494546,-0.6316007717461262,0.2563843515413141,-0.4966411910037741,-0.4494027461315806,-0.8736374287269785,-0.961264927659973,-0.8252995341237156,-0.8105942534058218,-0.6864759275819762,-0.3083009995507002,-0.860303549729593,0.1823990572719531,-0.2170495663352475,-0.7406081960460617,-0.808918384163122,0.1093396870902777,0.97255418996968,0.2685456214567944,0.3406601080572569,-1.0,0.6341176789307659,-0.750735470176636,0.6359013918940595,0.6036421664369511,-0.3492791172096787,-0.4999117912370447,-0.0044169560816741,0.4817468752823918,0.7192876631892953,0.4991325476976289,-0.1470439606611094,-0.2457782862714457,-0.5591664156413922,0.3710182509124194,0.0530189023800128,-0.845243672009996,0.3075616288238862,-0.690581625022361,1.0,0.4362072011171977,0.3369495536613836,0.27108284421643,0.4390674244080558,0.4569778726128266,0.67671849466088,0.7495076522275687,0.4729480586237528,0.5940201301233339,0.5730972310864788,0.6325807003263874,0.3233215502519013,0.3187379574966157,0.6990842286038744,0.6573277408889798,0.3628307331054087,0.0546780472719988,0.896499281071117,0.2961612633494988,0.6852386568927386,0.2123005886338754,0.573878821968126,0.6234401969767583,0.5556734337567811,0.2944078309815799,0.3717641757106817,0.3758491251499882,0.006113447460413,0.715383984875909,0.2591303284714394,0.1471468681003953,0.4896313291358376,0.6856930876466779,0.2842673911767447,0.8569159720682546,0.0701815356568395,0.5283444679084901,0.3444540072500883,0.2684595028735175,0.3016589275838434,0.4598651189244178,0.7363498487528531,0.2767074379183414,0.1956517865022286,0.941764205679964,0.8107886844599355,0.8674612481753496,0.7553824070938825,0.0928059676440296,0.0436382688997377,0.8061345617338213,0.6002891311028524,0.8022368309563148,0.7191334651632468,0.2374377319240017,0.0848810633955079,0.3369702213501612,0.983268176906152,0.3400038545947192,0.3946906956889018,0.0292880168496948,0.0168198570705076,0.0465665039017123,0.7486361734380901,0.6102792811476998,0.5754065665109515,0.1907831803628625,0.4280978631861348,0.3619886053103771,0.5125800799882617,0.300713105260349,0.5227904106520141,0.7250864928657242,0.5042567690694973,0.0730833533579312,0.5080357529183775,0.7158240053763029,0.7557118729115004,0.31,5370
0,0,-0.9295141568100532,0.2392667614020561,0.4578047510734593,0.4475703614490648,-0.8664876304533127,-0.7968974178078032,0.3039699232189412,-0.5743278591984073,-0.8219786924816195,-0.1938631241253135,-0.2353114463787592,-0.3225471489937916,-0.3411880616694498,-0.6388067805051041,-0.7526672056804129,0.7530499363486901,-0.1269968737163049,-0.0881843115112172,-0.3428870576312399,-0.9645926995163536,0.4578169028494546,-0.6316007717461262,0.2563843515413141,-0.4966411910037741,-0.4494027461315806,-0.8736374287269785,-0.961264927659973,-0.8252995341237156,-0.8105942534058218,-0.6864759275819762,-0.3083009995507002,-0.860303549729593,0.1823990572719531,-0.2170495663352475,-0.7406081960460617,-0.808918384163122,0.1093396870902777,0.97255418996968,0.2685456214567944,0.3406601080572569,-1.0,0.6341176789307659,-0.750735470176636,0.6359013918940595,0.6036421664369511,-0.3492791172096787,-0.4999117912370447,-0.0044169560816741,0.4817468752823918,0.7192876631892953,0.4991325476976289,-0.1470439606611094,-0.2457782862714457,-0.5591664156413922,0.3710182509124194,0.0530189023800128,-0.845243672009996,0.3075616288238862,-0.690581625022361,1.0,0.4362072011171977,0.3369495536613836,0.27108284421643,0.4390674244080558,0.4569778726128266,0.67671849466088,0.7495076522275687,0.4729480586237528,0.5940201301233339,0.5730972310864788,0.6325807003263874,0.3233215502519013,0.3187379574966157,0.6990842286038744,0.6573277408889798,0.3628307331054087,0.0546780472719988,0.896499281071117,0.2961612633494988,0.6852386568927386,0.2123005886338754,0.573878821968126,0.6234401969767583,0.5556734337567811,0.2944078309815799,0.3717641757106817,0.3758491251499882,0.006113447460413,0.715383984875909,0.2591303284714394,0.1471468681003953,0.4896313291358376,0.6856930876466779,0.2842673911767447,0.8569159720682546,0.0701815356568395,0.5283444679084901,0.3444540072500883,0.2684595028735175,0.3016589275838434,0.4598651189244178,0.7363498487528531,0.2767074379183414,0.1956517865022286,0.941764205679964,0.8107886844599355,0.8674612481753496,0.7553824070938825,0.0928059676440296,0.0436382688997377,0.8061345617338213,0.6002891311028524,0.8022368309563148,0.7191334651632468,0.2374377319240017,0.0848810633955079,0.3369702213501612,0.983268176906152,0.3400038545947192,0.3946906956889018,0.0292880168496948,0.0168198570705076,0.0465665039017123,0.7486361734380901,0.6102792811476998,0.5754065665109515,0.1907831803628625,0.4280978631861348,0.3619886053103771,0.5125800799882617,0.300713105260349,0.5227904106520141,0.7250864928657242,0.5042567690694973,0.0730833533579312,0.5080357529183775,0.7158240053763029,0.7557118729115004,0.31,5468
0,0,-0.9295141568100532,0.2392667614020561,0.4578047510734593,0.4475703614490648,-0.8664876304533127,-0.7968974178078032,0.3039699232189412,-0.5743278591984073,-0.8219786924816195,-0.1938631241253135,-0.2353114463787592,-0.3225471489937916,-0.3411880616694498,-0.6388067805051041,-0.7526672056804129,0.7530499363486901,-0.1269968737163049,-0.0881843115112172,-0.3428870576312399,-0.9645926995163536,0.4578169028494546,-0.6316007717461262,0.2563843515413141,-0.4966411910037741,-0.4494027461315806,-0.8736374287269785,-0.961264927659973,-0.8252995341237156,-0.8105942534058218,-0.6864759275819762,-0.3083009995507002,-0.860303549729593,0.1823990572719531,-0.2170495663352475,-0.7406081960460617,-0.808918384163122,0.1093396870902777,0.97255418996968,0.2685456214567944,0.3406601080572569,-1.0,0.6341176789307659,-0.750735470176636,0.6359013918940595,0.6036421664369511,-0.3492791172096787,-0.4999117912370447,-0.0044169560816741,0.4817468752823918,0.7192876631892953,0.4991325476976289,-0.1470439606611094,-0.2457782862714457,-0.5591664156413922,0.3710182509124194,0.0530189023800128,-0.845243672009996,0.3075616288238862,-0.690581625022361,1.0,0.4362072011171977,0.3369495536613836,0.27108284421643,0.4390674244080558,0.4569778726128266,0.67671849466088,0.7495076522275687,0.4729480586237528,0.5940201301233339,0.5730972310864788,0.6325807003263874,0.3233215502519013,0.3187379574966157,0.6990842286038744,0.6573277408889798,0.3628307331054087,0.0546780472719988,0.896499281071117,0.2961612633494988,0.6852386568927386,0.2123005886338754,0.573878821968126,0.6234401969767583,0.5556734337567811,0.2944078309815799,0.3717641757106817,0.3758491251499882,0.006113447460413,0.715383984875909,0.2591303284714394,0.1471468681003953,0.4896313291358376,0.6856930876466779,0.2842673911767447,0.8569159720682546,0.0701815356568395,0.5283444679084901,0.3444540072500883,0.2684595028735175,0.3016589275838434,0.4598651189244178,0.7363498487528531,0.2767074379183414,0.1956517865022286,0.941764205679964,0.8107886844599355,0.8674612481753496,0.7553824070938825,0.0928059676440296,0.0436382688997377,0.8061345617338213,0.6002891311028524,0.8022368309563148,0.7191334651632468,0.2374377319240017,0.0848810633955079,0.3369702213501612,0.983268176906152,0.3400038545947192,0.3946906956889018,0.0292880168496948,0.0168198570705076,0.0465665039017123,0.7486361734380901,0.6102792811476998,0.5754065665109515,0.1907831803628625,0.4280978631861348,0.3619886053103771,0.5125800799882617,0.300713105260349,0.5227904106520141,0.7250864928657242,0.5042567690694973,0.0730833533579312,0.5080357529183775,0.7158240053763029,0.7557118729115004,0.31,5564
0,0,-0.9295141568100532,0.2392667614020561,0.4578047510734593,0.4475703614490648,-0.8664876304533127,-0.7968974178078032,0.3039699232189412,-0.5743278591984073,-0.8219786924816195,-0.1938631241253135,-0.2353114463787592,-0.3225471489937916,-0.3411880616694498,-0.6388067805051041,-0.7526672056804129,0.7530499363486901,-0.1269968737163049,-0.0881843115112172,-0.3428870576312399,-0.9645926995163536,0.4578169028494546,-0.6316007717461262,0.2563843515413141,-0.4966411910037741,-0.4494027461315806,-0.8736374287269785,-0.961264927659973,-0.8252995341237156,-0.8105942534058218,-0.6864759275819762,-0.3083009995507002,-0.860303549729593,0.1823990572719531,-0.2170495663352475,-0.7406081960460617,-0.808918384163122,0.1093396870902777,0.97255418996968,0.2685456214567944,0.3406601080572569,-1.0,0.6341176789307659,-0.750735470176636,0.6359013918940595,0.6036421664369511,-0.3492791172096787,-0.4999117912370447,-0.0044169560816741,0.4817468752823918,0.7192876631892953,0.4991325476976289,-0.1470439606611094,-0.2457782862714457,-0.5591664156413922,0.3710182509124194,0.0530189023800128,-0.845243672009996,0.3075616288238862,-0.690581625022361,1.0,0.4362072011171977,0.3369495536613836,0.27108284421643,0.4390674244080558,0.4569778726128266,0.67671849466088,0.7495076522275687,0.4729480586237528,0.5940201301233339,0.5730972310864788,0.6325807003263874,0.3233215502519013,0.3187379574966157,0.6990842286038744,0.6573277408889798,0.3628307331054087,0.0546780472719988,0.896499281071117,0.2961612633494988,0.6852386568927386,0.2123005886338754,0.573878821968126,0.6234401969767583,0.5556734337567811,0.2944078309815799,0.3717641757106817,0.3758491251499882,0.006113447460413,0.715383984875909,0.2591303284714394,0.1471468681003953,0.4896313291358376,0.6856930876466779,0.2842673911767447,0.8569159720682546,0.0701815356568395,0.5283444679084901,0.3444540072500883,0.2684595028735175,0.3016589275838434,0.4598651189244178,0.7363498487528531,0.2767074379183414,0.1956517865022286,0.941764205679964,0.8107886844599355,0.8674612481753496,0.7553824070938825,0.0928059676440296,0.0436382688997377,0.8061345617338213,0.6002891311028524,0.8022368309563148,0.7191334651632468,0.2374377319240017,0.0848810633955079,0.3369702213501612,0.983268176906152,0.3400038545947192,0.3946906956889018,0.0292880168496948,0.0168198570705076,0.0465665039017123,0.7486361734380901,0.6102792811476998,0.5754065665109515,0.1907831803628625,0.4280978631861348,0.3619886053103771,0.5125800799882617,0.300713105260349,0.5227904106520141,0.7250864928657242,0.5042567690694973,0.0730833533579312,0.5080357529183775,0.7158240053763029,0.7557118729115004,0.31,5661
0,0,-0.9295141568100532,0.2392667614020561,0.4578047510734593,0.4475703614490648,-0.8664876304533127,-0.7968974178078032,0.3039699232189412,-0.5743278591984073,-0.8219786924816195,-0.1938631241253135,-0.2353114463787592,-0.3225471489937916,-0.3411880616694498,-0.6388067805051041,-0.7526672056804129,0.7530499363486901,-0.1269968737163049,-0.0881843115112172,-0.3428870576312399,-0.9645926995163536,0.4578169028494546,-0.6316007717461262,0.2563843515413141,-0.4966411910037741,-0.4494027461315806,-0.8736374287269785,-0.961264927659973,-0.8252995341237156,-0.8105942534058218,-0.6864759275819762,-0.3083009995507002,-0.860303549729593,0.1823990572719531,-0.2170495663352475,-0.7406081960460617,-0.808918384163122,0.1093396870902777,0.97255418996968,0.2685456214567944,0.3406601080572569,-1.0,0.6341176789307659,-0.750735470176636,0.6359013918940595,0.6036421664369511,-0.3492791172096787,-0.4999117912370447,-0.0044169560816741,0.4817468752823918,0.7192876631892953,0.4991325476976289,-0.1470439606611094,-0.2457782862714457,-0.5591664156413922,0.3710182509124194,0.0530189023800128,-0.845243672009996,0.3075616288238862,-0.690581625022361,1.0,0.4362072011171977,0.3369495536613836,0.27108284421643,0.4390674244080558,0.4569778726128266,0.67671849466088,0.7495076522275687,0.4729480586237528,0.5940201301233339,0.5730972310864788,0.6325807003263874,0.3233215502519013,0.3187379574966157,0.6990842286038744,0.6573277408889798,0.3628307331054087,0.0546780472719988,0.896499281071117,0.2961612633494988,0.6852386568927386,0.2123005886338754,0.573878821968126,0.6234401969767583,0.5556734337567811,0.2944078309815799,0.3717641757106817,0.3758491251499882,0.006113447460413,0.715383984875909,0.2591303284714394,0.1471468681003953,0.4896313291358376,0.6856930876466779,0.2842673911767447,0.8569159720682546,0.0701815356568395,0.5283444679084901,0.3444540072500883,0.2684595028735175,0.3016589275838434,0.4598651189244178,0.7363498487528531,0.2767074379183414,0.1956517865022286,0.941764205679964,0.8107886844599355,0.8674612481753496,0.7553824070938825,0.0928059676440296,0.0436382688997377,0.8061345617338213,0.6002891311028524,0.8022368309563148,0.7191334651632468,0.2374377319240017,0.0848810633955079,0.3369702213501612,0.983268176906152,0.3400038545947192,0.3946906956889018,0.0292880168496948,0.0168198570705076,0.0465665039017123,0.7486361734380901,0.6102792811476998,0.5754065665109515,0.1907831803628625,0.4280978631861348,0.3619886053103771,0.5125800799882617,0.300713105260349,0.5227904106520141,0.7250864928657242,0.5042567690694973,0.0730833533579312,0.5080357529183775,0.7158240053763029,0.7557118729115004,0.31,5757
0,0,-0.6110958016546741,0.4354438493022878,-0.2031565181274884,-0.826161167668332,0.6213789569004412,0.1460210505364812,-0.4278331386293768,-0.4449643843404307,-1.0,-0.5799330401279484,0.0014048033711286,-0.5014241852201571,0.5975052443634113,-0.1201604285684379,-0.5523940609913933,-0.9114947084266952,0.4728437767953464,-0.2328473462101808,0.3590553157291763,-0.5639454460313964,-0.8424605149584984,-0.524807153088461,0.9683611853412938,-0.5609949480954645,0.5201554820282881,-1.0,-0.8508421195166413,-0.2108881122130625,-0.2420591987610316,0.607133871466501,-0.2313560286122623,-0.9269187616048776,0.0998906120729867,0.0515208902854548,-0.2298786262119123,-0.5448955460692056,0.0996892222946979,0.862992694196664,-0.6172211570374333,0.2377906434232229,-1.0,-0.8556549771807826,-0.3002132599943622,-0.6688123494864259,1.0,0.4214334935542968,0.8692951005369445,-0.4896786782109726,1.0,0.1447584415656728,-0.1899303516584775,0.1749664988877138,-0.9452840376981314,0.9231251831351128,-0.7807326461641593,-0.1720315329026314,1.0,0.8807800677574587,-0.2448492874039105,1.0,0.522130622420584,0.260451509735459,0.7958165000678648,0.2496323842941765,0.206711347476306,0.8881086984738584,0.1199347871864923,0.6192110154715817,0.599479479883342,0.296868927388691,0.2531135946283434,0.1982537485371577,0.6991488885555723,0.5183164932767349,0.3074136909908096,0.090375043464236,0.2809774899067663,0.8514345288209739,0.0643907128591371,0.8464165138046724,1.0,0.8048536944960741,0.3623414282194929,0.4123447204715845,0.1118676369297551,0.5694809902047558,0.8372262376598146,0.0309430448060741,0.8539709671087546,0.0261255140315728,0.5727483369279059,0.3936518809192915,0.7221180057692673,0.0693651657692086,0.0792849818873615,0.7443811864833855,0.1915267055075925,0.3648935197557747,0.4006260129585844,0.1734239015370226,0.5466159023162387,0.926052618375365,0.8282306827017156,0.0001,0.6075958163104569,0.9042236866783084,0.7429219774140302,0.1946978320213976,0.1338983065301623,0.5521860051620852,0.8412273142627831,0.8709418817448598,1.0,0.0542062717827545,0.5023331465743188,0.654232131969011,0.1831058700143926,1.0,0.305755397896951,0.3734623291455097,0.0463243133102374,0.0290240530347529,0.7315459834324244,0.8106820538273842,0.2946617029799716,0.7254579238923253,0.2354995322979198,0.4379692645351202,0.906683860070807,0.2002040313387561,0.6843563961706758,0.9803023924682202,0.4316812087197054,0.9845955532704967,0.133714361381204,0.9617291833373336,0.9374502856297636,0.959774153877212,0.38,584
0,0,-0.9295141568100532,0.2392667614020561,0.4578047510734593,0.4475703614490648,-0.8664876304533127,-0.7968974178078032,0.3039699232189412,-0.5743278591984073,-0.8219786924816195,-0.1938631241253135,-0.2353114463787592,-0.3225471489937916,-0.3411880616694498,-0.6388067805051041,-0.7526672056804129,0.7530499363486901,-0.1269968737163049,-0.0881843115112172,-0.3428870576312399,-0.9645926995163536,0.4578169028494546,-0.6316007717461262,0.2563843515413141,-0.4966411910037741,-0.4494027461315806,-0.8736374287269785,-0.961264927659973,-0.8252995341237156,-0.8105942534058218,-0.6864759275819762,-0.3083009995507002,-0.860303549729593,0.1823990572719531,-0.2170495663352475,-0.7406081960460617,-0.808918384163122,0.1093396870902777,0.97255418996968,0.2685456214567944,0.3406601080572569,-1.0,0.6341176789307659,-0.750735470176636,0.6359013918940595,0.6036421664369511,-0.3492791172096787,-0.4999117912370447,-0.0044169560816741,0.4817468752823918,0.7192876631892953,0.4991325476976289,-0.1470439606611094,-0.2457782862714457,-0.5591664156413922,0.3710182509124194,0.0530189023800128,-0.845243672009996,0.3075616288238862,-0.690581625022361,1.0,0.4362072011171977,0.3369495536613836,0.27108284421643,0.4390674244080558,0.4569778726128266,0.67671849466088,0.7495076522275687,0.4729480586237528,0.5940201301233339,0.5730972310864788,0.6325807003263874,0.3233215502519013,0.3187379574966157,0.6990842286038744,0.6573277408889798,0.3628307331054087,0.0546780472719988,0.896499281071117,0.2961612633494988,0.6852386568927386,0.2123005886338754,0.573878821968126,0.6234401969767583,0.5556734337567811,0.2944078309815799,0.3717641757106817,0.3758491251499882,0.006113447460413,0.715383984875909,0.2591303284714394,0.1471468681003953,0.4896313291358376,0.6856930876466779,0.2842673911767447,0.8569159720682546,0.0701815356568395,0.5283444679084901,0.3444540072500883,0.2684595028735175,0.3016589275838434,0.4598651189244178,0.7363498487528531,0.2767074379183414,0.1956517865022286,0.941764205679964,0.8107886844599355,0.8674612481753496,0.7553824070938825,0.0928059676440296,0.0436382688997377,0.8061345617338213,0.6002891311028524,0.8022368309563148,0.7191334651632468,0.2374377319240017,0.0848810633955079,0.3369702213501612,0.983268176906152,0.3400038545947192,0.3946906956889018,0.0292880168496948,0.0168198570705076,0.0465665039017123,0.7486361734380901,0.6102792811476998,0.5754065665109515,0.1907831803628625,0.4280978631861348,0.3619886053103771,0.5125800799882617,0.300713105260349,0.5227904106520141,0.7250864928657242,0.5042567690694973,0.0730833533579312,0.5080357529183775,0.7158240053763029,0.7557118729115004,0.31,5851
0,0,-0.9295141568100532,0.2392667614020561,0.4578047510734593,0.4475703614490648,-0.8664876304533127,-0.7968974178078032,0.3039699232189412,-0.5743278591984073,-0.8219786924816195,-0.1938631241253135,-0.2353114463787592,-0.3225471489937916,-0.3411880616694498,-0.6388067805051041,-0.7526672056804129,0.7530499363486901,-0.1269968737163049,-0.0881843115112172,-0.3428870576312399,-0.9645926995163536,0.4578169028494546,-0.6316007717461262,0.2563843515413141,-0.4966411910037741,-0.4494027461315806,-0.8736374287269785,-0.961264927659973,-0.8252995341237156,-0.8105942534058218,-0.6864759275819762,-0.3083009995507002,-0.860303549729593,0.1823990572719531,-0.2170495663352475,-0.7406081960460617,-0.808918384163122,0.1093396870902777,0.97255418996968,0.2685456214567944,0.3406601080572569,-1.0,0.6341176789307659,-0.750735470176636,0.6359013918940595,0.6036421664369511,-0.3492791172096787,-0.4999117912370447,-0.0044169560816741,0.4817468752823918,0.7192876631892953,0.4991325476976289,-0.1470439606611094,-0.2457782862714457,-0.5591664156413922,0.3710182509124194,0.0530189023800128,-0.845243672009996,0.3075616288238862,-0.690581625022361,1.0,0.4362072011171977,0.3369495536613836,0.27108284421643,0.4390674244080558,0.4569778726128266,0.67671849466088,0.7495076522275687,0.4729480586237528,0.5940201301233339,0.5730972310864788,0.6325807003263874,0.3233215502519013,0.3187379574966157,0.6990842286038744,0.6573277408889798,0.3628307331054087,0.0546780472719988,0.896499281071117,0.2961612633494988,0.6852386568927386,0.2123005886338754,0.573878821968126,0.6234401969767583,0.5556734337567811,0.2944078309815799,0.3717641757106817,0.3758491251499882,0.006113447460413,0.715383984875909,0.2591303284714394,0.1471468681003953,0.4896313291358376,0.6856930876466779,0.2842673911767447,0.8569159720682546,0.0701815356568395,0.5283444679084901,0.3444540072500883,0.2684595028735175,0.3016589275838434,0.4598651189244178,0.7363498487528531,0.2767074379183414,0.1956517865022286,0.941764205679964,0.8107886844599355,0.8674612481753496,0.7553824070938825,0.0928059676440296,0.0436382688997377,0.8061345617338213,0.6002891311028524,0.8022368309563148,0.7191334651632468,0.2374377319240017,0.0848810633955079,0.3369702213501612,0.983268176906152,0.3400038545947192,0.3946906956889018,0.0292880168496948,0.0168198570705076,0.0465665039017123,0.7486361734380901,0.6102792811476998,0.5754065665109515,0.1907831803628625,0.4280978631861348,0.3619886053103771,0.5125800799882617,0.300713105260349,0.5227904106520141,0.7250864928657242,0.5042567690694973,0.0730833533579312,0.5080357529183775,0.7158240053763029,0.7557118729115004,0.31,5945
0,0,-0.9295141568100532,0.2392667614020561,0.4578047510734593,0.4475703614490648,-0.8664876304533127,-0.7968974178078032,0.3039699232189412,-0.5743278591984073,-0.8219786924816195,-0.1938631241253135,-0.2353114463787592,-0.3225471489937916,-0.3411880616694498,-0.6388067805051041,-0.7526672056804129,0.7530499363486901,-0.1269968737163049,-0.0881843115112172,-0.3428870576312399,-0.9645926995163536,0.4578169028494546,-0.6316007717461262,0.2563843515413141,-0.4966411910037741,-0.4494027461315806,-0.8736374287269785,-0.961264927659973,-0.8252995341237156,-0.8105942534058218,-0.6864759275819762,-0.3083009995507002,-0.860303549729593,0.1823990572719531,-0.2170495663352475,-0.7406081960460617,-0.808918384163122,0.1093396870902777,0.97255418996968,0.2685456214567944,0.3406601080572569,-1.0,0.6341176789307659,-0.750735470176636,0.6359013918940595,0.6036421664369511,-0.3492791172096787,-0.4999117912370447,-0.0044169560816741,0.4817468752823918,0.7192876631892953,0.4991325476976289,-0.1470439606611094,-0.2457782862714457,-0.5591664156413922,0.3710182509124194,0.0530189023800128,-0.845243672009996,0.3075616288238862,-0.690581625022361,1.0,0.4362072011171977,0.3369495536613836,0.27108284421643,0.4390674244080558,0.4569778726128266,0.67671849466088,0.7495076522275687,0.4729480586237528,0.5940201301233339,0.5730972310864788,0.6325807003263874,0.3233215502519013,0.3187379574966157,0.6990842286038744,0.6573277408889798,0.3628307331054087,0.0546780472719988,0.896499281071117,0.2961612633494988,0.6852386568927386,0.2123005886338754,0.573878821968126,0.6234401969767583,0.5556734337567811,0.2944078309815799,0.3717641757106817,0.3758491251499882,0.006113447460413,0.715383984875909,0.2591303284714394,0.1471468681003953,0.4896313291358376,0.6856930876466779,0.2842673911767447,0.8569159720682546,0.0701815356568395,0.5283444679084901,0.3444540072500883,0.2684595028735175,0.3016589275838434,0.4598651189244178,0.7363498487528531,0.2767074379183414,0.1956517865022286,0.941764205679964,0.8107886844599355,0.8674612481753496,0.7553824070938825,0.0928059676440296,0.0436382688997377,0.8061345617338213,0.6002891311028524,0.8022368309563148,0.7191334651632468,0.2374377319240017,0.0848810633955079,0.3369702213501612,0.983268176906152,0.3400038545947192,0.3946906956889018,0.0292880168496948,0.0168198570705076,0.0465665039017123,0.7486361734380901,0.6102792811476998,0.5754065665109515,0.1907831803628625,0.4280978631861348,0.3619886053103771,0.5125800799882617,0.300713105260349,0.5227904106520141,0.7250864928657242,0.5042567690694973,0.0730833533579312,0.5080357529183775,0.7158240053763029,0.7557118729115004,0.31,6040
0,0,-0.9295141568100532,0.2392667614020561,0.4578047510734593,0.4475703614490648,-0.8664876304533127,-0.7968974178078032,0.3039699232189412,-0.5743278591984073,-0.8219786924816195,-0.1938631241253135,-0.2353114463787592,-0.3225471489937916,-0.3411880616694498,-0.6388067805051041,-0.7526672056804129,0.7530499363486901,-0.1269968737163049,-0.0881843115112172,-0.3428870576312399,-0.9645926995163536,0.4578169028494546,-0.6316007717461262,0.2563843515413141,-0.4966411910037741,-0.4494027461315806,-0.8736374287269785,-0.961264927659973,-0.8252995341237156,-0.8105942534058218,-0.6864759275819762,-0.3083009995507002,-0.860303549729593,0.1823990572719531,-0.2170495663352475,-0.7406081960460617,-0.808918384163122,0.1093396870902777,0.97255418996968,0.2685456214567944,0.3406601080572569,-1.0,0.6341176789307659,-0.750735470176636,0.6359013918940595,0.6036421664369511,-0.3492791172096787,-0.4999117912370447,-0.0044169560816741,0.4817468752823918,0.7192876631892953,0.4991325476976289,-0.1470439606611094,-0.2457782862714457,-0.5591664156413922,0.3710182509124194,0.0530189023800128,-0.845243672009996,0.3075616288238862,-0.690581625022361,1.0,0.4362072011171977,0.3369495536613836,0.27108284421643,0.4390674244080558,0.4569778726128266,0.67671849466088,0.7495076522275687,0.4729480586237528,0.5940201301233339,0.5730972310864788,0.6325807003263874,0.3233215502519013,0.3187379574966157,0.6990842286038744,0.6573277408889798,0.3628307331054087,0.0546780472719988,0.896499281071117,0.2961612633494988,0.6852386568927386,0.2123005886338754,0.573878821968126,0.6234401969767583,0.5556734337567811,0.2944078309815799,0.3717641757106817,0.3758491251499882,0.006113447460413,0.715383984875909,0.2591303284714394,0.1471468681003953,0.4896313291358376,0.6856930876466779,0.2842673911767447,0.8569159720682546,0.0701815356568395,0.5283444679084901,0.3444540072500883,0.2684595028735175,0.3016589275838434,0.4598651189244178,0.7363498487528531,0.2767074379183414,0.1956517865022286,0.941764205679964,0.8107886844599355,0.8674612481753496,0.7553824070938825,0.0928059676440296,0.0436382688997377,0.8061345617338213,0.6002891311028524,0.8022368309563148,0.7191334651632468,0.2374377319240017,0.0848810633955079,0.3369702213501612,0.983268176906152,0.3400038545947192,0.3946906956889018,0.0292880168496948,0.0168198570705076,0.0465665039017123,0.7486361734380901,0.6102792811476998,0.5754065665109515,0.1907831803628625,0.4280978631861348,0.3619886053103771,0.5125800799882617,0.300713105260349,0.5227904106520141,0.7250864928657242,0.5042567690694973,0.0730833533579312,0.5080357529183775,0.7158240053763029,0.7557118729115004,0.31,6141
0,0,-0.9295141568100532,0.2392667614020561,0.4578047510734593,0.4475703614490648,-0.8664876304533127,-0.7968974178078032,0.3039699232189412,-0.5743278591984073,-0.8219786924816195,-0.1938631241253135,-0.2353114463787592,-0.3225471489937916,-0.3411880616694498,-0.6388067805051041,-0.7526672056804129,0.7530499363486901,-0.1269968737163049,-0.0881843115112172,-0.3428870576312399,-0.9645926995163536,0.4578169028494546,-0.6316007717461262,0.2563843515413141,-0.4966411910037741,-0.4494027461315806,-0.8736374287269785,-0.961264927659973,-0.8252995341237156,-0.8105942534058218,-0.6864759275819762,-0.3083009995507002,-0.860303549729593,0.1823990572719531,-0.2170495663352475,-0.7406081960460617,-0.808918384163122,0.1093396870902777,0.97255418996968,0.2685456214567944,0.3406601080572569,-1.0,0.6341176789307659,-0.750735470176636,0.6359013918940595,0.6036421664369511,-0.3492791172096787,-0.4999117912370447,-0.0044169560816741,0.4817468752823918,0.7192876631892953,0.4991325476976289,-0.1470439606611094,-0.2457782862714457,-0.5591664156413922,0.3710182509124194,0.0530189023800128,-0.845243672009996,0.3075616288238862,-0.690581625022361,1.0,0.4362072011171977,0.3369495536613836,0.27108284421643,0.4390674244080558,0.4569778726128266,0.67671849466088,0.7495076522275687,0.4729480586237528,0.5940201301233339,0.5730972310864788,0.6325807003263874,0.3233215502519013,0.3187379574966157,0.6990842286038744,0.6573277408889798,0.3628307331054087,0.0546780472719988,0.896499281071117,0.2961612633494988,0.6852386568927386,0.2123005886338754,0.573878821968126,0.6234401969767583,0.5556734337567811,0.2944078309815799,0.3717641757106817,0.3758491251499882,0.006113447460413,0.715383984875909,0.2591303284714394,0.1471468681003953,0.4896313291358376,0.6856930876466779,0.2842673911767447,0.8569159720682546,0.0701815356568395,0.5283444679084901,0.3444540072500883,0.2684595028735175,0.3016589275838434,0.4598651189244178,0.7363498487528531,0.2767074379183414,0.1956517865022286,0.941764205679964,0.8107886844599355,0.8674612481753496,0.7553824070938825,0.0928059676440296,0.0436382688997377,0.8061345617338213,0.6002891311028524,0.8022368309563148,0.7191334651632468,0.2374377319240017,0.0848810633955079,0.3369702213501612,0.983268176906152,0.3400038545947192,0.3946906956889018,0.0292880168496948,0.0168198570705076,0.0465665039017123,0.7486361734380901,0.6102792811476998,0.5754065665109515,0.1907831803628625,0.4280978631861348,0.3619886053103771,0.5125800799882617,0.300713105260349,0.5227904106520141,0.7250864928657242,0.5042567690694973,0.0730833533579312,0.5080357529183775,0.7158240053763029,0.7557118729115004,0.31,6239
0,0,-0.9295141568100532,0.2392667614020561,0.4578047510734593,0.4475703614490648,-0.8664876304533127,-0.7968974178078032,0.3039699232189412,-0.5743278591984073,-0.8219786924816195,-0.1938631241253135,-0.2353114463787592,-0.3225471489937916,-0.3411880616694498,-0.6388067805051041,-0.7526672056804129,0.7530499363486901,-0.1269968737163049,-0.0881843115112172,-0.3428870576312399,-0.9645926995163536,0.4578169028494546,-0.6316007717461262,0.2563843515413141,-0.4966411910037741,-0.4494027461315806,-0.8736374287269785,-0.961264927659973,-0.8252995341237156,-0.8105942534058218,-0.6864759275819762,-0.3083009995507002,-0.860303549729593,0.1823990572719531,-0.2170495663352475,-0.7406081960460617,-0.808918384163122,0.1093396870902777,0.97255418996968,0.2685456214567944,0.3406601080572569,-1.0,0.6341176789307659,-0.750735470176636,0.6359013918940595,0.6036421664369511,-0.3492791172096787,-0.4999117912370447,-0.0044169560816741,0.4817468752823918,0.7192876631892953,0.4991325476976289,-0.1470439606611094,-0.2457782862714457,-0.5591664156413922,0.3710182509124194,0.0530189023800128,-0.845243672009996,0.3075616288238862,-0.690581625022361,1.0,0.4362072011171977,0.3369495536613836,0.27108284421643,0.4390674244080558,0.4569778726128266,0.67671849466088,0.7495076522275687,0.4729480586237528,0.5940201301233339,0.5730972310864788,0.6325807003263874,0.3233215502519013,0.3187379574966157,0.6990842286038744,0.6573277408889798,0.3628307331054087,0.0546780472719988,0.896499281071117,0.2961612633494988,0.6852386568927386,0.2123005886338754,0.573878821968126,0.6234401969767583,0.5556734337567811,0.2944078309815799,0.3717641757106817,0.3758491251499882,0.006113447460413,0.715383984875909,0.2591303284714394,0.1471468681003953,0.4896313291358376,0.6856930876466779,0.2842673911767447,0.8569159720682546,0.0701815356568395,0.5283444679084901,0.3444540072500883,0.2684595028735175,0.3016589275838434,0.4598651189244178,0.7363498487528531,0.2767074379183414,0.1956517865022286,0.941764205679964,0.8107886844599355,0.8674612481753496,0.7553824070938825,0.0928059676440296,0.0436382688997377,0.8061345617338213,0.6002891311028524,0.8022368309563148,0.7191334651632468,0.2374377319240017,0.0848810633955079,0.3369702213501612,0.983268176906152,0.3400038545947192,0.3946906956889018,0.0292880168496948,0.0168198570705076,0.0465665039017123,0.7486361734380901,0.6102792811476998,0.5754065665109515,0.1907831803628625,0.4280978631861348,0.3619886053103771,0.5125800799882617,0.300713105260349,0.5227904106520141,0.7250864928657242,0.5042567690694973,0.0730833533579312,0.5080357529183775,0.7158240053763029,0.7557118729115004,0.31,6334
0,0,-0.9295141568100532,0.2392667614020561,0.4578047510734593,0.4475703614490648,-0.8664876304533127,-0.7968974178078032,0.3039699232189412,-0.5743278591984073,-0.8219786924816195,-0.1938631241253135,-0.2353114463787592,-0.3225471489937916,-0.3411880616694498,-0.6388067805051041,-0.7526672056804129,0.7530499363486901,-0.1269968737163049,-0.0881843115112172,-0.3428870576312399,-0.9645926995163536,0.4578169028494546,-0.6316007717461262,0.2563843515413141,-0.4966411910037741,-0.4494027461315806,-0.8736374287269785,-0.961264927659973,-0.8252995341237156,-0.8105942534058218,-0.6864759275819762,-0.3083009995507002,-0.860303549729593,0.1823990572719531,-0.2170495663352475,-0.7406081960460617,-0.808918384163122,0.1093396870902777,0.97255418996968,0.2685456214567944,0.3406601080572569,-1.0,0.6341176789307659,-0.750735470176636,0.6359013918940595,0.6036421664369511,-0.3492791172096787,-0.4999117912370447,-0.0044169560816741,0.4817468752823918,0.7192876631892953,0.4991325476976289,-0.1470439606611094,-0.2457782862714457,-0.5591664156413922,0.3710182509124194,0.0530189023800128,-0.845243672009996,0.3075616288238862,-0.690581625022361,1.0,0.4362072011171977,0.3369495536613836,0.27108284421643,0.4390674244080558,0.4569778726128266,0.67671849466088,0.7495076522275687,0.4729480586237528,0.5940201301233339,0.5730972310864788,0.6325807003263874,0.3233215502519013,0.3187379574966157,0.6990842286038744,0.6573277408889798,0.3628307331054087,0.0546780472719988,0.896499281071117,0.2961612633494988,0.6852386568927386,0.2123005886338754,0.573878821968126,0.6234401969767583,0.5556734337567811,0.2944078309815799,0.3717641757106817,0.3758491251499882,0.006113447460413,0.715383984875909,0.2591303284714394,0.1471468681003953,0.4896313291358376,0.6856930876466779,0.2842673911767447,0.8569159720682546,0.0701815356568395,0.5283444679084901,0.3444540072500883,0.2684595028735175,0.3016589275838434,0.4598651189244178,0.7363498487528531,0.2767074379183414,0.1956517865022286,0.941764205679964,0.8107886844599355,0.8674612481753496,0.7553824070938825,0.0928059676440296,0.0436382688997377,0.8061345617338213,0.6002891311028524,0.8022368309563148,0.7191334651632468,0.2374377319240017,0.0848810633955079,0.3369702213501612,0.983268176906152,0.3400038545947192,0.3946906956889018,0.0292880168496948,0.0168198570705076,0.0465665039017123,0.7486361734380901,0.6102792811476998,0.5754065665109515,0.1907831803628625,0.4280978631861348,0.3619886053103771,0.5125800799882617,0.300713105260349,0.5227904106520141,0.7250864928657242,0.5042567690694973,0.0730833533579312,0.5080357529183775,0.7158240053763029,0.7557118729115004,0.31,6432
0,0,-0.9295141568100532,0.2392667614020561,0.4578047510734593,0.4475703614490648,-0.8664876304533127,-0.7968974178078032,0.3039699232189412,-0.5743278591984073,-0.8219786924816195,-0.1938631241253135,-0.2353114463787592,-0.3225471489937916,-0.3411880616694498,-0.6388067805051041,-0.7526672056804129,0.7530499363486901,-0.1269968737163049,-0.0881843115112172,-0.3428870576312399,-0.9645926995163536,0.4578169028494546,-0.6316007717461262,0.2563843515413141,-0.4966411910037741,-0.4494027461315806,-0.8736374287269785,-0.961264927659973,-0.8252995341237156,-0.8105942534058218,-0.6864759275819762,-0.3083009995507002,-0.860303549729593,0.1823990572719531,-0.2170495663352475,-0.7406081960460617,-0.808918384163122,0.1093396870902777,0.97255418996968,0.2685456214567944,0.3406601080572569,-1.0,0.6341176789307659,-0.750735470176636,0.6359013918940595,0.6036421664369511,-0.3492791172096787,-0.4999117912370447,-0.0044169560816741,0.4817468752823918,0.7192876631892953,0.4991325476976289,-0.1470439606611094,-0.2457782862714457,-0.5591664156413922,0.3710182509124194,0.0530189023800128,-0.845243672009996,0.3075616288238862,-0.690581625022361,1.0,0.4362072011171977,0.3369495536613836,0.27108284421643,0.4390674244080558,0.4569778726128266,0.67671849466088,0.7495076522275687,0.4729480586237528,0.5940201301233339,0.5730972310864788,0.6325807003263874,0.3233215502519013,0.3187379574966157,0.6990842286038744,0.6573277408889798,0.3628307331054087,0.0546780472719988,0.896499281071117,0.2961612633494988,0.6852386568927386,0.2123005886338754,0.573878821968126,0.6234401969767583,0.5556734337567811,0.2944078309815799,0.3717641757106817,0.3758491251499882,0.006113447460413,0.715383984875909,0.2591303284714394,0.1471468681003953,0.4896313291358376,0.6856930876466779,0.2842673911767447,0.8569159720682546,0.0701815356568395,0.5283444679084901,0.3444540072500883,0.2684595028735175,0.3016589275838434,0.4598651189244178,0.7363498487528531,0.2767074379183414,0.1956517865022286,0.941764205679964,0.8107886844599355,0.8674612481753496,0.7553824070938825,0.0928059676440296,0.0436382688997377,0.8061345617338213,0.6002891311028524,0.8022368309563148,0.7191334651632468,0.2374377319240017,0.0848810633955079,0.3369702213501612,0.983268176906152,0.3400038545947192,0.3946906956889018,0.0292880168496948,0.0168198570705076,0.0465665039017123,0.7486361734380901,0.6102792811476998,0.5754065665109515,0.1907831803628625,0.4280978631861348,0.3619886053103771,0.5125800799882617,0.300713105260349,0.5227904106520141,0.7250864928657242,0.5042567690694973,0.0730833533579312,0.5080357529183775,0.7158240053763029,0.7557118729115004,0.31,6531
0,0,-0.9295141568100532,0.2392667614020561,0.4578047510734593,0.4475703614490648,-0.8664876304533127,-0.7968974178078032,0.3039699232189412,-0.5743278591984073,-0.8219786924816195,-0.1938631241253135,-0.2353114463787592,-0.3225471489937916,-0.3411880616694498,-0.6388067805051041,-0.7526672056804129,0.7530499363486901,-0.1269968737163049,-0.0881843115112172,-0.3428870576312399,-0.9645926995163536,0.4578169028494546,-0.6316007717461262,0.2563843515413141,-0.4966411910037741,-0.4494027461315806,-0.8736374287269785,-0.961264927659973,-0.8252995341237156,-0.8105942534058218,-0.6864759275819762,-0.3083009995507002,-0.860303549729593,0.1823990572719531,-0.2170495663352475,-0.7406081960460617,-0.808918384163122,0.1093396870902777,0.97255418996968,0.2685456214567944,0.3406601080572569,-1.0,0.6341176789307659,-0.750735470176636,0.6359013918940595,0.6036421664369511,-0.3492791172096787,-0.4999117912370447,-0.0044169560816741,0.4817468752823918,0.7192876631892953,0.4991325476976289,-0.1470439606611094,-0.2457782862714457,-0.5591664156413922,0.3710182509124194,0.0530189023800128,-0.845243672009996,0.3075616288238862,-0.690581625022361,1.0,0.4362072011171977,0.3369495536613836,0.27108284421643,0.4390674244080558,0.4569778726128266,0.67671849466088,0.7495076522275687,0.4729480586237528,0.5940201301233339,0.5730972310864788,0.6325807003263874,0.3233215502519013,0.3187379574966157,0.6990842286038744,0.6573277408889798,0.3628307331054087,0.0546780472719988,0.896499281071117,0.2961612633494988,0.6852386568927386,0.2123005886338754,0.573878821968126,0.6234401969767583,0.5556734337567811,0.2944078309815799,0.3717641757106817,0.3758491251499882,0.006113447460413,0.715383984875909,0.2591303284714394,0.1471468681003953,0.4896313291358376,0.6856930876466779,0.2842673911767447,0.8569159720682546,0.0701815356568395,0.5283444679084901,0.3444540072500883,0.2684595028735175,0.3016589275838434,0.4598651189244178,0.7363498487528531,0.2767074379183414,0.1956517865022286,0.941764205679964,0.8107886844599355,0.8674612481753496,0.7553824070938825,0.0928059676440296,0.0436382688997377,0.8061345617338213,0.6002891311028524,0.8022368309563148,0.7191334651632468,0.2374377319240017,0.0848810633955079,0.3369702213501612,0.983268176906152,0.3400038545947192,0.3946906956889018,0.0292880168496948,0.0168198570705076,0.0465665039017123,0.7486361734380901,0.6102792811476998,0.5754065665109515,0.1907831803628625,0.4280978631861348,0.3619886053103771,0.5125800799882617,0.300713105260349,0.5227904106520141,0.7250864928657242,0.5042567690694973,0.0730833533579312,0.5080357529183775,0.7158240053763029,0.7557118729115004,0.31,6628
0,0,-0.9295141568100532,0.2392667614020561,0.4578047510734593,0.4475703614490648,-0.8664876304533127,-0.7968974178078032,0.3039699232189412,-0.5743278591984073,-0.8219786924816195,-0.1938631241253135,-0.2353114463787592,-0.3225471489937916,-0.3411880616694498,-0.6388067805051041,-0.7526672056804129,0.7530499363486901,-0.1269968737163049,-0.0881843115112172,-0.3428870576312399,-0.9645926995163536,0.4578169028494546,-0.6316007717461262,0.2563843515413141,-0.4966411910037741,-0.4494027461315806,-0.8736374287269785,-0.961264927659973,-0.8252995341237156,-0.8105942534058218,-0.6864759275819762,-0.3083009995507002,-0.860303549729593,0.1823990572719531,-0.2170495663352475,-0.7406081960460617,-0.808918384163122,0.1093396870902777,0.97255418996968,0.2685456214567944,0.3406601080572569,-1.0,0.6341176789307659,-0.750735470176636,0.6359013918940595,0.6036421664369511,-0.3492791172096787,-0.4999117912370447,-0.0044169560816741,0.4817468752823918,0.7192876631892953,0.4991325476976289,-0.1470439606611094,-0.2457782862714457,-0.5591664156413922,0.3710182509124194,0.0530189023800128,-0.845243672009996,0.3075616288238862,-0.690581625022361,1.0,0.4362072011171977,0.3369495536613836,0.27108284421643,0.4390674244080558,0.4569778726128266,0.67671849466088,0.7495076522275687,0.4729480586237528,0.5940201301233339,0.5730972310864788,0.6325807003263874,0.3233215502519013,0.3187379574966157,0.6990842286038744,0.6573277408889798,0.3628307331054087,0.0546780472719988,0.896499281071117,0.2961612633494988,0.6852386568927386,0.2123005886338754,0.573878821968126,0.6234401969767583,0.5556734337567811,0.2944078309815799,0.3717641757106817,0.3758491251499882,0.006113447460413,0.715383984875909,0.2591303284714394,0.1471468681003953,0.4896313291358376,0.6856930876466779,0.2842673911767447,0.8569159720682546,0.0701815356568395,0.5283444679084901,0.3444540072500883,0.2684595028735175,0.3016589275838434,0.4598651189244178,0.7363498487528531,0.2767074379183414,0.1956517865022286,0.941764205679964,0.8107886844599355,0.8674612481753496,0.7553824070938825,0.0928059676440296,0.0436382688997377,0.8061345617338213,0.6002891311028524,0.8022368309563148,0.7191334651632468,0.2374377319240017,0.0848810633955079,0.3369702213501612,0.983268176906152,0.3400038545947192,0.3946906956889018,0.0292880168496948,0.0168198570705076,0.0465665039017123,0.7486361734380901,0.6102792811476998,0.5754065665109515,0.1907831803628625,0.4280978631861348,0.3619886053103771,0.5125800799882617,0.300713105260349,0.5227904106520141,0.7250864928657242,0.5042567690694973,0.0730833533579312,0.5080357529183775,0.7158240053763029,0.7557118729115004,0.31,6725
0,0,-0.9295141568100532,0.2392667614020561,0.4578047510734593,0.4475703614490648,-0.8664876304533127,-0.7968974178078032,0.3039699232189412,-0.5743278591984073,-0.8219786924816195,-0.1938631241253135,-0.2353114463787592,-0.3225471489937916,-0.3411880616694498,-0.6388067805051041,-0.7526672056804129,0.7530499363486901,-0.1269968737163049,-0.0881843115112172,-0.3428870576312399,-0.9645926995163536,0.4578169028494546,-0.6316007717461262,0.2563843515413141,-0.4966411910037741,-0.4494027461315806,-0.8736374287269785,-0.961264927659973,-0.8252995341237156,-0.8105942534058218,-0.6864759275819762,-0.3083009995507002,-0.860303549729593,0.1823990572719531,-0.2170495663352475,-0.7406081960460617,-0.808918384163122,0.1093396870902777,0.97255418996968,0.2685456214567944,0.3406601080572569,-1.0,0.6341176789307659,-0.750735470176636,0.6359013918940595,0.6036421664369511,-0.3492791172096787,-0.4999117912370447,-0.0044169560816741,0.4817468752823918,0.7192876631892953,0.4991325476976289,-0.1470439606611094,-0.2457782862714457,-0.5591664156413922,0.3710182509124194,0.0530189023800128,-0.845243672009996,0.3075616288238862,-0.690581625022361,1.0,0.4362072011171977,0.3369495536613836,0.27108284421643,0.4390674244080558,0.4569778726128266,0.67671849466088,0.7495076522275687,0.4729480586237528,0.5940201301233339,0.5730972310864788,0.6325807003263874,0.3233215502519013,0.3187379574966157,0.6990842286038744,0.6573277408889798,0.3628307331054087,0.0546780472719988,0.896499281071117,0.2961612633494988,0.6852386568927386,0.2123005886338754,0.573878821968126,0.6234401969767583,0.5556734337567811,0.2944078309815799,0.3717641757106817,0.3758491251499882,0.006113447460413,0.715383984875909,0.2591303284714394,0.1471468681003953,0.4896313291358376,0.6856930876466779,0.2842673911767447,0.8569159720682546,0.0701815356568395,0.5283444679084901,0.3444540072500883,0.2684595028735175,0.3016589275838434,0.4598651189244178,0.7363498487528531,0.2767074379183414,0.1956517865022286,0.941764205679964,0.8107886844599355,0.8674612481753496,0.7553824070938825,0.0928059676440296,0.0436382688997377,0.8061345617338213,0.6002891311028524,0.8022368309563148,0.7191334651632468,0.2374377319240017,0.0848810633955079,0.3369702213501612,0.983268176906152,0.3400038545947192,0.3946906956889018,0.0292880168496948,0.0168198570705076,0.0465665039017123,0.7486361734380901,0.6102792811476998,0.5754065665109515,0.1907831803628625,0.4280978631861348,0.3619886053103771,0.5125800799882617,0.300713105260349,0.5227904106520141,0.7250864928657242,0.5042567690694973,0.0730833533579312,0.5080357529183775,0.7158240053763029,0.7557118729115004,0.31,6822
0,0,-0.6110958016546741,0.4354438493022878,-0.2031565181274884,-0.826161167668332,0.6213789569004412,0.1460210505364812,-0.4278331386293768,-0.4449643843404307,-1.0,-0.5799330401279484,0.0014048033711286,-0.5014241852201571,0.5975052443634113,-0.1201604285684379,-0.5523940609913933,-0.9114947084266952,0.4728437767953464,-0.2328473462101808,0.3590553157291763,-0.5639454460313964,-0.8424605149584984,-0.524807153088461,0.9683611853412938,-0.5609949480954645,0.5201554820282881,-1.0,-0.8508421195166413,-0.2108881122130625,-0.2420591987610316,0.607133871466501,-0.2313560286122623,-0.9269187616048776,0.0998906120729867,0.0515208902854548,-0.2298786262119123,-0.5448955460692056,0.0996892222946979,0.862992694196664,-0.6172211570374333,0.2377906434232229,-1.0,-0.8556549771807826,-0.3002132599943622,-0.6688123494864259,1.0,0.4214334935542968,0.8692951005369445,-0.4896786782109726,1.0,0.1447584415656728,-0.1899303516584775,0.1749664988877138,-0.9452840376981314,0.9231251831351128,-0.7807326461641593,-0.1720315329026314,1.0,0.8807800677574587,-0.2448492874039105,1.0,0.522130622420584,0.260451509735459,0.7958165000678648,0.2496323842941765,0.206711347476306,0.8881086984738584,0.1199347871864923,0.6192110154715817,0.599479479883342,0.296868927388691,0.2531135946283434,0.1982537485371577,0.6991488885555723,0.5183164932767349,0.3074136909908096,0.090375043464236,0.2809774899067663,0.8514345288209739,0.0643907128591371,0.8464165138046724,1.0,0.8048536944960741,0.3623414282194929,0.4123447204715845,0.1118676369297551,0.5694809902047558,0.8372262376598146,0.0309430448060741,0.8539709671087546,0.0261255140315728,0.5727483369279059,0.3936518809192915,0.7221180057692673,0.0693651657692086,0.0792849818873615,0.7443811864833855,0.1915267055075925,0.3648935197557747,0.4006260129585844,0.1734239015370226,0.5466159023162387,0.926052618375365,0.8282306827017156,0.0001,0.6075958163104569,0.9042236866783084,0.7429219774140302,0.1946978320213976,0.1338983065301623,0.5521860051620852,0.8412273142627831,0.8709418817448598,1.0,0.0542062717827545,0.5023331465743188,0.654232131969011,0.1831058700143926,1.0,0.305755397896951,0.3734623291455097,0.0463243133102374,0.0290240530347529,0.7315459834324244,0.8106820538273842,0.2946617029799716,0.7254579238923253,0.2354995322979198,0.4379692645351202,0.906683860070807,0.2002040313387561,0.6843563961706758,0.9803023924682202,0.4316812087197054,0.9845955532704967,0.133714361381204,0.9617291833373336,0.9374502856297636,0.959774153877212,0.38,684
0,0,-0.9295141568100532,0.2392667614020561,0.4578047510734593,0.4475703614490648,-0.8664876304533127,-0.7968974178078032,0.3039699232189412,-0.5743278591984073,-0.8219786924816195,-0.1938631241253135,-0.2353114463787592,-0.3225471489937916,-0.3411880616694498,-0.6388067805051041,-0.7526672056804129,0.7530499363486901,-0.1269968737163049,-0.0881843115112172,-0.3428870576312399,-0.9645926995163536,0.4578169028494546,-0.6316007717461262,0.2563843515413141,-0.4966411910037741,-0.4494027461315806,-0.8736374287269785,-0.961264927659973,-0.8252995341237156,-0.8105942534058218,-0.6864759275819762,-0.3083009995507002,-0.860303549729593,0.1823990572719531,-0.2170495663352475,-0.7406081960460617,-0.808918384163122,0.1093396870902777,0.97255418996968,0.2685456214567944,0.3406601080572569,-1.0,0.6341176789307659,-0.750735470176636,0.6359013918940595,0.6036421664369511,-0.3492791172096787,-0.4999117912370447,-0.0044169560816741,0.4817468752823918,0.7192876631892953,0.4991325476976289,-0.1470439606611094,-0.2457782862714457,-0.5591664156413922,0.3710182509124194,0.0530189023800128,-0.845243672009996,0.3075616288238862,-0.690581625022361,1.0,0.4362072011171977,0.3369495536613836,0.27108284421643,0.4390674244080558,0.4569778726128266,0.67671849466088,0.7495076522275687,0.4729480586237528,0.5940201301233339,0.5730972310864788,0.6325807003263874,0.3233215502519013,0.3187379574966157,0.6990842286038744,0.6573277408889798,0.3628307331054087,0.0546780472719988,0.896499281071117,0.2961612633494988,0.6852386568927386,0.2123005886338754,0.573878821968126,0.6234401969767583,0.5556734337567811,0.2944078309815799,0.3717641757106817,0.3758491251499882,0.006113447460413,0.715383984875909,0.2591303284714394,0.1471468681003953,0.4896313291358376,0.6856930876466779,0.2842673911767447,0.8569159720682546,0.0701815356568395,0.5283444679084901,0.3444540072500883,0.2684595028735175,0.3016589275838434,0.4598651189244178,0.7363498487528531,0.2767074379183414,0.1956517865022286,0.941764205679964,0.8107886844599355,0.8674612481753496,0.7553824070938825,0.0928059676440296,0.0436382688997377,0.8061345617338213,0.6002891311028524,0.8022368309563148,0.7191334651632468,0.2374377319240017,0.0848810633955079,0.3369702213501612,0.983268176906152,0.3400038545947192,0.3946906956889018,0.0292880168496948,0.0168198570705076,0.0465665039017123,0.7486361734380901,0.6102792811476998,0.5754065665109515,0.1907831803628625,0.4280978631861348,0.3619886053103771,0.5125800799882617,0.300713105260349,0.5227904106520141,0.7250864928657242,0.5042567690694973,0.0730833533579312,0.5080357529183775,0.7158240053763029,0.7557118729115004,0.31,6917
0,0,-0.9295141568100532,0.2392667614020561,0.4578047510734593,0.4475703614490648,-0.8664876304533127,-0.7968974178078032,0.3039699232189412,-0.5743278591984073,-0.8219786924816195,-0.1938631241253135,-0.2353114463787592,-0.3225471489937916,-0.3411880616694498,-0.6388067805051041,-0.7526672056804129,0.7530499363486901,-0.1269968737163049,-0.0881843115112172,-0.3428870576312399,-0.9645926995163536,0.4578169028494546,-0.6316007717461262,0.2563843515413141,-0.4966411910037741,-0.4494027461315806,-0.8736374287269785,-0.961264927659973,-0.8252995341237156,-0.8105942534058218,-0.6864759275819762,-0.3083009995507002,-0.860303549729593,0.1823990572719531,-0.2170495663352475,-0.7406081960460617,-0.808918384163122,0.1093396870902777,0.97255418996968,0.2685456214567944,0.3406601080572569,-1.0,0.6341176789307659,-0.750735470176636,0.6359013918940595,0.6036421664369511,-0.3492791172096787,-0.4999117912370447,-0.0044169560816741,0.4817468752823918,0.7192876631892953,0.4991325476976289,-0.1470439606611094,-0.2457782862714457,-0.5591664156413922,0.3710182509124194,0.0530189023800128,-0.845243672009996,0.3075616288238862,-0.690581625022361,1.0,0.4362072011171977,0.3369495536613836,0.27108284421643,0.4390674244080558,0.4569778726128266,0.67671849466088,0.7495076522275687,0.4729480586237528,0.5940201301233339,0.5730972310864788,0.6325807003263874,0.3233215502519013,0.3187379574966157,0.6990842286038744,0.6573277408889798,0.3628307331054087,0.0546780472719988,0.896499281071117,0.2961612633494988,0.6852386568927386,0.2123005886338754,0.573878821968126,0.6234401969767583,0.5556734337567811,0.2944078309815799,0.3717641757106817,0.3758491251499882,0.006113447460413,0.715383984875909,0.2591303284714394,0.1471468681003953,0.4896313291358376,0.6856930876466779,0.2842673911767447,0.8569159720682546,0.0701815356568395,0.5283444679084901,0.3444540072500883,0.2684595028735175,0.3016589275838434,0.4598651189244178,0.7363498487528531,0.2767074379183414,0.1956517865022286,0.941764205679964,0.8107886844599355,0.8674612481753496,0.7553824070938825,0.0928059676440296,0.0436382688997377,0.8061345617338213,0.6002891311028524,0.8022368309563148,0.7191334651632468,0.2374377319240017,0.0848810633955079,0.3369702213501612,0.983268176906152,0.3400038545947192,0.3946906956889018,0.0292880168496948,0.0168198570705076,0.0465665039017123,0.7486361734380901,0.6102792811476998,0.5754065665109515,0.1907831803628625,0.4280978631861348,0.3619886053103771,0.5125800799882617,0.300713105260349,0.5227904106520141,0.7250864928657242,0.5042567690694973,0.0730833533579312,0.5080357529183775,0.7158240053763029,0.7557118729115004,0.31,7015
0,0,-0.9295141568100532,0.2392667614020561,0.4578047510734593,0.4475703614490648,-0.8664876304533127,-0.7968974178078032,0.3039699232189412,-0.5743278591984073,-0.8219786924816195,-0.1938631241253135,-0.2353114463787592,-0.3225471489937916,-0.3411880616694498,-0.6388067805051041,-0.7526672056804129,0.7530499363486901,-0.1269968737163049,-0.0881843115112172,-0.3428870576312399,-0.9645926995163536,0.4578169028494546,-0.6316007717461262,0.2563843515413141,-0.4966411910037741,-0.4494027461315806,-0.8736374287269785,-0.961264927659973,-0.8252995341237156,-0.8105942534058218,-0.6864759275819762,-0.3083009995507002,-0.860303549729593,0.1823990572719531,-0.2170495663352475,-0.7406081960460617,-0.808918384163122,0.1093396870902777,0.97255418996968,0.2685456214567944,0.3406601080572569,-1.0,0.6341176789307659,-0.750735470176636,0.6359013918940595,0.6036421664369511,-0.3492791172096787,-0.4999117912370447,-0.0044169560816741,0.4817468752823918,0.7192876631892953,0.4991325476976289,-0.1470439606611094,-0.2457782862714457,-0.5591664156413922,0.3710182509124194,0.0530189023800128,-0.845243672009996,0.3075616288238862,-0.690581625022361,1.0,0.4362072011171977,0.3369495536613836,0.27108284421643,0.4390674244080558,0.4569778726128266,0.67671849466088,0.7495076522275687,0.4729480586237528,0.5940201301233339,0.5730972310864788,0.6325807003263874,0.3233215502519013,0.3187379574966157,0.6990842286038744,0.6573277408889798,0.3628307331054087,0.0546780472719988,0.896499281071117,0.2961612633494988,0.6852386568927386,0.2123005886338754,0.573878821968126,0.6234401969767583,0.5556734337567811,0.2944078309815799,0.3717641757106817,0.3758491251499882,0.006113447460413,0.715383984875909,0.2591303284714394,0.1471468681003953,0.4896313291358376,0.6856930876466779,0.2842673911767447,0.8569159720682546,0.0701815356568395,0.5283444679084901,0.3444540072500883,0.2684595028735175,0.3016589275838434,0.4598651189244178,0.7363498487528531,0.2767074379183414,0.1956517865022286,0.941764205679964,0.8107886844599355,0.8674612481753496,0.7553824070938825,0.0928059676440296,0.0436382688997377,0.8061345617338213,0.6002891311028524,0.8022368309563148,0.7191334651632468,0.2374377319240017,0.0848810633955079,0.3369702213501612,0.983268176906152,0.3400038545947192,0.3946906956889018,0.0292880168496948,0.0168198570705076,0.0465665039017123,0.7486361734380901,0.6102792811476998,0.5754065665109515,0.1907831803628625,0.4280978631861348,0.3619886053103771,0.5125800799882617,0.300713105260349,0.5227904106520141,0.7250864928657242,0.5042567690694973,0.0730833533579312,0.5080357529183775,0.7158240053763029,0.7557118729115004,0.31,7111
0,0,-0.9295141568100532,0.2392667614020561,0.4578047510734593,0.4475703614490648,-0.8664876304533127,-0.7968974178078032,0.3039699232189412,-0.5743278591984073,-0.8219786924816195,-0.1938631241253135,-0.2353114463787592,-0.3225471489937916,-0.3411880616694498,-0.6388067805051041,-0.7526672056804129,0.7530499363486901,-0.1269968737163049,-0.0881843115112172,-0.3428870576312399,-0.9645926995163536,0.4578169028494546,-0.6316007717461262,0.2563843515413141,-0.4966411910037741,-0.4494027461315806,-0.8736374287269785,-0.961264927659973,-0.8252995341237156,-0.8105942534058218,-0.6864759275819762,-0.3083009995507002,-0.860303549729593,0.1823990572719531,-0.2170495663352475,-0.7406081960460617,-0.808918384163122,0.1093396870902777,0.97255418996968,0.2685456214567944,0.3406601080572569,-1.0,0.6341176789307659,-0.750735470176636,0.6359013918940595,0.6036421664369511,-0.3492791172096787,-0.4999117912370447,-0.0044169560816741,0.4817468752823918,0.7192876631892953,0.4991325476976289,-0.1470439606611094,-0.2457782862714457,-0.5591664156413922,0.3710182509124194,0.0530189023800128,-0.845243672009996,0.3075616288238862,-0.690581625022361,1.0,0.4362072011171977,0.3369495536613836,0.27108284421643,0.4390674244080558,0.4569778726128266,0.67671849466088,0.7495076522275687,0.4729480586237528,0.5940201301233339,0.5730972310864788,0.6325807003263874,0.3233215502519013,0.3187379574966157,0.6990842286038744,0.6573277408889798,0.3628307331054087,0.0546780472719988,0.896499281071117,0.2961612633494988,0.6852386568927386,0.2123005886338754,0.573878821968126,0.6234401969767583,0.5556734337567811,0.2944078309815799,0.3717641757106817,0.3758491251499882,0.006113447460413,0.715383984875909,0.2591303284714394,0.1471468681003953,0.4896313291358376,0.6856930876466779,0.2842673911767447,0.8569159720682546,0.0701815356568395,0.5283444679084901,0.3444540072500883,0.2684595028735175,0.3016589275838434,0.4598651189244178,0.7363498487528531,0.2767074379183414,0.1956517865022286,0.941764205679964,0.8107886844599355,0.8674612481753496,0.7553824070938825,0.0928059676440296,0.0436382688997377,0.8061345617338213,0.6002891311028524,0.8022368309563148,0.7191334651632468,0.2374377319240017,0.0848810633955079,0.3369702213501612,0.983268176906152,0.3400038545947192,0.3946906956889018,0.0292880168496948,0.0168198570705076,0.0465665039017123,0.7486361734380901,0.6102792811476998,0.5754065665109515,0.1907831803628625,0.4280978631861348,0.3619886053103771,0.5125800799882617,0.300713105260349,0.5227904106520141,0.7250864928657242,0.5042567690694973,0.0730833533579312,0.5080357529183775,0.7158240053763029,0.7557118729115004,0.31,7209
0,0,-0.9295141568100532,0.2392667614020561,0.4578047510734593,0.4475703614490648,-0.8664876304533127,-0.7968974178078032,0.3039699232189412,-0.5743278591984073,-0.8219786924816195,-0.1938631241253135,-0.2353114463787592,-0.3225471489937916,-0.3411880616694498,-0.6388067805051041,-0.7526672056804129,0.7530499363486901,-0.1269968737163049,-0.0881843115112172,-0.3428870576312399,-0.9645926995163536,0.4578169028494546,-0.6316007717461262,0.2563843515413141,-0.4966411910037741,-0.4494027461315806,-0.8736374287269785,-0.961264927659973,-0.8252995341237156,-0.8105942534058218,-0.6864759275819762,-0.3083009995507002,-0.860303549729593,0.1823990572719531,-0.2170495663352475,-0.7406081960460617,-0.808918384163122,0.1093396870902777,0.97255418996968,0.2685456214567944,0.3406601080572569,-1.0,0.6341176789307659,-0.750735470176636,0.6359013918940595,0.6036421664369511,-0.3492791172096787,-0.4999117912370447,-0.0044169560816741,0.4817468752823918,0.7192876631892953,0.4991325476976289,-0.1470439606611094,-0.2457782862714457,-0.5591664156413922,0.3710182509124194,0.0530189023800128,-0.845243672009996,0.3075616288238862,-0.690581625022361,1.0,0.4362072011171977,0.3369495536613836,0.27108284421643,0.4390674244080558,0.4569778726128266,0.67671849466088,0.7495076522275687,0.4729480586237528,0.5940201301233339,0.5730972310864788,0.6325807003263874,0.3233215502519013,0.3187379574966157,0.6990842286038744,0.6573277408889798,0.3628307331054087,0.0546780472719988,0.896499281071117,0.2961612633494988,0.6852386568927386,0.2123005886338754,0.573878821968126,0.6234401969767583,0.5556734337567811,0.2944078309815799,0.3717641757106817,0.3758491251499882,0.006113447460413,0.715383984875909,0.2591303284714394,0.1471468681003953,0.4896313291358376,0.6856930876466779,0.2842673911767447,0.8569159720682546,0.0701815356568395,0.5283444679084901,0.3444540072500883,0.2684595028735175,0.3016589275838434,0.4598651189244178,0.7363498487528531,0.2767074379183414,0.1956517865022286,0.941764205679964,0.8107886844599355,0.8674612481753496,0.7553824070938825,0.0928059676440296,0.0436382688997377,0.8061345617338213,0.6002891311028524,0.8022368309563148,0.7191334651632468,0.2374377319240017,0.0848810633955079,0.3369702213501612,0.983268176906152,0.3400038545947192,0.3946906956889018,0.0292880168496948,0.0168198570705076,0.0465665039017123,0.7486361734380901,0.6102792811476998,0.5754065665109515,0.1907831803628625,0.4280978631861348,0.3619886053103771,0.5125800799882617,0.300713105260349,0.5227904106520141,0.7250864928657242,0.5042567690694973,0.0730833533579312,0.5080357529183775,0.7158240053763029,0.7557118729115004,0.31,7306
0,0,-0.9295141568100532,0.2392667614020561,0.4578047510734593,0.4475703614490648,-0.8664876304533127,-0.7968974178078032,0.3039699232189412,-0.5743278591984073,-0.8219786924816195,-0.1938631241253135,-0.2353114463787592,-0.3225471489937916,-0.3411880616694498,-0.6388067805051041,-0.7526672056804129,0.7530499363486901,-0.1269968737163049,-0.0881843115112172,-0.3428870576312399,-0.9645926995163536,0.4578169028494546,-0.6316007717461262,0.2563843515413141,-0.4966411910037741,-0.4494027461315806,-0.8736374287269785,-0.961264927659973,-0.8252995341237156,-0.8105942534058218,-0.6864759275819762,-0.3083009995507002,-0.860303549729593,0.1823990572719531,-0.2170495663352475,-0.7406081960460617,-0.808918384163122,0.1093396870902777,0.97255418996968,0.2685456214567944,0.3406601080572569,-1.0,0.6341176789307659,-0.750735470176636,0.6359013918940595,0.6036421664369511,-0.3492791172096787,-0.4999117912370447,-0.0044169560816741,0.4817468752823918,0.7192876631892953,0.4991325476976289,-0.1470439606611094,-0.2457782862714457,-0.5591664156413922,0.3710182509124194,0.0530189023800128,-0.845243672009996,0.3075616288238862,-0.690581625022361,1.0,0.4362072011171977,0.3369495536613836,0.27108284421643,0.4390674244080558,0.4569778726128266,0.67671849466088,0.7495076522275687,0.4729480586237528,0.5940201301233339,0.5730972310864788,0.6325807003263874,0.3233215502519013,0.3187379574966157,0.6990842286038744,0.6573277408889798,0.3628307331054087,0.0546780472719988,0.896499281071117,0.2961612633494988,0.6852386568927386,0.2123005886338754,0.573878821968126,0.6234401969767583,0.5556734337567811,0.2944078309815799,0.3717641757106817,0.3758491251499882,0.006113447460413,0.715383984875909,0.2591303284714394,0.1471468681003953,0.4896313291358376,0.6856930876466779,0.2842673911767447,0.8569159720682546,0.0701815356568395,0.5283444679084901,0.3444540072500883,0.2684595028735175,0.3016589275838434,0.4598651189244178,0.7363498487528531,0.2767074379183414,0.1956517865022286,0.941764205679964,0.8107886844599355,0.8674612481753496,0.7553824070938825,0.0928059676440296,0.0436382688997377,0.8061345617338213,0.6002891311028524,0.8022368309563148,0.7191334651632468,0.2374377319240017,0.0848810633955079,0.3369702213501612,0.983268176906152,0.3400038545947192,0.3946906956889018,0.0292880168496948,0.0168198570705076,0.0465665039017123,0.7486361734380901,0.6102792811476998,0.5754065665109515,0.1907831803628625,0.4280978631861348,0.3619886053103771,0.5125800799882617,0.300713105260349,0.5227904106520141,0.7250864928657242,0.5042567690694973,0.0730833533579312,0.5080357529183775,0.7158240053763029,0.7557118729115004,0.31,7400
0,0,-0.9295141568100532,0.2392667614020561,0.4578047510734593,0.4475703614490648,-0.8664876304533127,-0.7968974178078032,0.3039699232189412,-0.5743278591984073,-0.8219786924816195,-0.1938631241253135,-0.2353114463787592,-0.3225471489937916,-0.3411880616694498,-0.6388067805051041,-0.7526672056804129,0.7530499363486901,-0.1269968737163049,-0.0881843115112172,-0.3428870576312399,-0.9645926995163536,0.4578169028494546,-0.6316007717461262,0.2563843515413141,-0.4966411910037741,-0.4494027461315806,-0.8736374287269785,-0.961264927659973,-0.8252995341237156,-0.8105942534058218,-0.6864759275819762,-0.3083009995507002,-0.860303549729593,0.1823990572719531,-0.2170495663352475,-0.7406081960460617,-0.808918384163122,0.1093396870902777,0.97255418996968,0.2685456214567944,0.3406601080572569,-1.0,0.6341176789307659,-0.750735470176636,0.6359013918940595,0.6036421664369511,-0.3492791172096787,-0.4999117912370447,-0.0044169560816741,0.4817468752823918,0.7192876631892953,0.4991325476976289,-0.1470439606611094,-0.2457782862714457,-0.5591664156413922,0.3710182509124194,0.0530189023800128,-0.845243672009996,0.3075616288238862,-0.690581625022361,1.0,0.4362072011171977,0.3369495536613836,0.27108284421643,0.4390674244080558,0.4569778726128266,0.67671849466088,0.7495076522275687,0.4729480586237528,0.5940201301233339,0.5730972310864788,0.6325807003263874,0.3233215502519013,0.3187379574966157,0.6990842286038744,0.6573277408889798,0.3628307331054087,0.0546780472719988,0.896499281071117,0.2961612633494988,0.6852386568927386,0.2123005886338754,0.573878821968126,0.6234401969767583,0.5556734337567811,0.2944078309815799,0.3717641757106817,0.3758491251499882,0.006113447460413,0.715383984875909,0.2591303284714394,0.1471468681003953,0.4896313291358376,0.6856930876466779,0.2842673911767447,0.8569159720682546,0.0701815356568395,0.5283444679084901,0.3444540072500883,0.2684595028735175,0.3016589275838434,0.4598651189244178,0.7363498487528531,0.2767074379183414,0.1956517865022286,0.941764205679964,0.8107886844599355,0.8674612481753496,0.7553824070938825,0.0928059676440296,0.0436382688997377,0.8061345617338213,0.6002891311028524,0.8022368309563148,0.7191334651632468,0.2374377319240017,0.0848810633955079,0.3369702213501612,0.983268176906152,0.3400038545947192,0.3946906956889018,0.0292880168496948,0.0168198570705076,0.0465665039017123,0.7486361734380901,0.6102792811476998,0.5754065665109515,0.1907831803628625,0.4280978631861348,0.3619886053103771,0.5125800799882617,0.300713105260349,0.5227904106520141,0.7250864928657242,0.5042567690694973,0.0730833533579312,0.5080357529183775,0.7158240053763029,0.7557118729115004,0.31,7498
0,0,-0.933878751789218,0.2491484349723546,0.4301231705813653,0.4389519909281023,-0.8518760138481923,-0.7864294894455646,0.3338616979794827,-0.579641083809268,-0.8228670652030452,-0.204677182723573,-0.2292167198261377,-0.3375519506262773,-0.344639267926955,-0.6427925928807477,-0.7327165653330645,0.7377843654227311,-0.0682038308444646,-0.0756299621381236,-0.3841704773893368,-0.9477566339951822,0.403049727046076,-0.6471317892678722,0.2760298109100573,-0.4645065956619603,-0.2672206487137544,-0.8921891549241419,-0.9619135537255286,-0.8401832591966454,-0.716108744350313,-0.6881185045264603,-0.3040491498020528,-0.8900710445562443,0.1513676306535209,-0.1899647078081666,-0.7212531307652581,-0.8011565174851464,0.1431652412405465,0.8531201280313507,0.3485820776882155,0.3617778747830513,-0.9007241247045754,0.776820761329858,-0.7628277461141846,0.6659015373603903,0.5337781234465434,-0.3147614381434093,-0.5664356522987852,0.010399284953583,0.4958171568324747,0.6538978830307791,0.4784463202179192,-0.1954622569041084,-0.2246581210401615,-0.537347208473204,0.3873261602683528,-0.0124089662443858,-0.7371505494438286,0.3621905744325518,-0.7342131735530775,0.9196994252424214,0.455721142189638,0.3336842061586405,0.2699676382572494,0.4521082152492802,0.49264442225034,0.6911411532745305,0.7313705875746653,0.4679771584037894,0.5902818684297161,0.5697421871538172,0.6196972972511932,0.3297214323125326,0.2998072810261685,0.6431499991715821,0.6124619939057101,0.3989597599993407,0.0522557819061941,0.8636221850447164,0.2965320631735554,0.6704838343378328,0.2396887721743207,0.5446232314099048,0.6207113050397685,0.5350327028086368,0.2868959450945348,0.3667926373484475,0.3820072459213,0.0532685987442695,0.7111222647418888,0.2826185257186621,0.2434028933797307,0.4755672703817099,0.6780342107896705,0.2632847388224696,0.8463811342658627,0.169657292947343,0.5366581503957676,0.3501987006302225,0.2581446852808028,0.3120676915070689,0.449074164603429,0.7482841379097313,0.2887248900787771,0.1832062030500191,0.9877097693228776,0.7356123267982044,0.8448891874865955,0.7570144505011863,0.1568437720158699,0.0779940657026825,0.8059513782230934,0.6068702827713688,0.7936757093114815,0.7307818977813942,0.2382834147345528,0.0767644973095131,0.3204770790372257,0.9838320779492234,0.332224289549053,0.4194194989062224,0.0308636577033531,0.0143400284006492,0.0477647980663417,0.7308448452207078,0.6727964041486474,0.5459662729695715,0.1920539208711936,0.4192253491510749,0.3263883505419241,0.5538131868309597,0.2768627005140268,0.5342557652230701,0.9359166831154796,0.5833396192154847,0.0834504313806379,0.4788931667446142,0.7076495048883972,0.7964203101949661,0.3,7593
0,0,-0.933878751789218,0.2491484349723546,0.4301231705813653,0.4389519909281023,-0.8518760138481923,-0.7864294894455646,0.3338616979794827,-0.579641083809268,-0.8228670652030452,-0.204677182723573,-0.2292167198261377,-0.3375519506262773,-0.344639267926955,-0.6427925928807477,-0.7327165653330645,0.7377843654227311,-0.0682038308444646,-0.0756299621381236,-0.3841704773893368,-0.9477566339951822,0.403049727046076,-0.6471317892678722,0.2760298109100573,-0.4645065956619603,-0.2672206487137544,-0.8921891549241419,-0.9619135537255286,-0.8401832591966454,-0.716108744350313,-0.6881185045264603,-0.3040491498020528,-0.8900710445562443,0.1513676306535209,-0.1899647078081666,-0.7212531307652581,-0.8011565174851464,0.1431652412405465,0.8531201280313507,0.3485820776882155,0.3617778747830513,-0.9007241247045754,0.776820761329858,-0.7628277461141846,0.6659015373603903,0.5337781234465434,-0.3147614381434093,-0.5664356522987852,0.010399284953583,0.4958171568324747,0.6538978830307791,0.4784463202179192,-0.1954622569041084,-0.2246581210401615,-0.537347208473204,0.3873261602683528,-0.0124089662443858,-0.7371505494438286,0.3621905744325518,-0.7342131735530775,0.9196994252424214,0.455721142189638,0.3336842061586405,0.2699676382572494,0.4521082152492802,0.49264442225034,0.6911411532745305,0.7313705875746653,0.4679771584037894,0.5902818684297161,0.5697421871538172,0.6196972972511932,0.3297214323125326,0.2998072810261685,0.6431499991715821,0.6124619939057101,0.3989597599993407,0.0522557819061941,0.8636221850447164,0.2965320631735554,0.6704838343378328,0.2396887721743207,0.5446232314099048,0.6207113050397685,0.5350327028086368,0.2868959450945348,0.3667926373484475,0.3820072459213,0.0532685987442695,0.7111222647418888,0.2826185257186621,0.2434028933797307,0.4755672703817099,0.6780342107896705,0.2632847388224696,0.8463811342658627,0.169657292947343,0.5366581503957676,0.3501987006302225,0.2581446852808028,0.3120676915070689,0.449074164603429,0.7482841379097313,0.2887248900787771,0.1832062030500191,0.9877097693228776,0.7356123267982044,0.8448891874865955,0.7570144505011863,0.1568437720158699,0.0779940657026825,0.8059513782230934,0.6068702827713688,0.7936757093114815,0.7307818977813942,0.2382834147345528,0.0767644973095131,0.3204770790372257,0.9838320779492234,0.332224289549053,0.4194194989062224,0.0308636577033531,0.0143400284006492,0.0477647980663417,0.7308448452207078,0.6727964041486474,0.5459662729695715,0.1920539208711936,0.4192253491510749,0.3263883505419241,0.5538131868309597,0.2768627005140268,0.5342557652230701,0.9359166831154796,0.5833396192154847,0.0834504313806379,0.4788931667446142,0.7076495048883972,0.7964203101949661,0.3,7691
0,0,-0.933878751789218,0.2491484349723546,0.4301231705813653,0.4389519909281023,-0.8518760138481923,-0.7864294894455646,0.3338616979794827,-0.579641083809268,-0.8228670652030452,-0.204677182723573,-0.2292167198261377,-0.3375519506262773,-0.344639267926955,-0.6427925928807477,-0.7327165653330645,0.7377843654227311,-0.0682038308444646,-0.0756299621381236,-0.3841704773893368,-0.9477566339951822,0.403049727046076,-0.6471317892678722,0.2760298109100573,-0.4645065956619603,-0.2672206487137544,-0.8921891549241419,-0.9619135537255286,-0.8401832591966454,-0.716108744350313,-0.6881185045264603,-0.3040491498020528,-0.8900710445562443,0.1513676306535209,-0.1899647078081666,-0.7212531307652581,-0.8011565174851464,0.1431652412405465,0.8531201280313507,0.3485820776882155,0.3617778747830513,-0.9007241247045754,0.776820761329858,-0.7628277461141846,0.6659015373603903,0.5337781234465434,-0.3147614381434093,-0.5664356522987852,0.010399284953583,0.4958171568324747,0.6538978830307791,0.4784463202179192,-0.1954622569041084,-0.2246581210401615,-0.537347208473204,0.3873261602683528,-0.0124089662443858,-0.7371505494438286,0.3621905744325518,-0.7342131735530775,0.9196994252424214,0.455721142189638,0.3336842061586405,0.2699676382572494,0.4521082152492802,0.49264442225034,0.6911411532745305,0.7313705875746653,0.4679771584037894,0.5902818684297161,0.5697421871538172,0.6196972972511932,0.3297214323125326,0.2998072810261685,0.6431499991715821,0.6124619939057101,0.3989597599993407,0.0522557819061941,0.8636221850447164,0.2965320631735554,0.6704838343378328,0.2396887721743207,0.5446232314099048,0.6207113050397685,0.5350327028086368,0.2868959450945348,0.3667926373484475,0.3820072459213,0.0532685987442695,0.7111222647418888,0.2826185257186621,0.2434028933797307,0.4755672703817099,0.6780342107896705,0.2632847388224696,0.8463811342658627,0.169657292947343,0.5366581503957676,0.3501987006302225,0.2581446852808028,0.3120676915070689,0.449074164603429,0.7482841379097313,0.2887248900787771,0.1832062030500191,0.9877097693228776,0.7356123267982044,0.8448891874865955,0.7570144505011863,0.1568437720158699,0.0779940657026825,0.8059513782230934,0.6068702827713688,0.7936757093114815,0.7307818977813942,0.2382834147345528,0.0767644973095131,0.3204770790372257,0.9838320779492234,0.332224289549053,0.4194194989062224,0.0308636577033531,0.0143400284006492,0.0477647980663417,0.7308448452207078,0.6727964041486474,0.5459662729695715,0.1920539208711936,0.4192253491510749,0.3263883505419241,0.5538131868309597,0.2768627005140268,0.5342557652230701,0.9359166831154796,0.5833396192154847,0.0834504313806379,0.4788931667446142,0.7076495048883972,0.7964203101949661,0.3,7790
0,0,-0.6110958016546741,0.4354438493022878,-0.2031565181274884,-0.826161167668332,0.6213789569004412,0.1460210505364812,-0.4278331386293768,-0.4449643843404307,-1.0,-0.5799330401279484,0.0014048033711286,-0.5014241852201571,0.5975052443634113,-0.1201604285684379,-0.5523940609913933,-0.9114947084266952,0.4728437767953464,-0.2328473462101808,0.3590553157291763,-0.5639454460313964,-0.8424605149584984,-0.524807153088461,0.9683611853412938,-0.5609949480954645,0.5201554820282881,-1.0,-0.8508421195166413,-0.2108881122130625,-0.2420591987610316,0.607133871466501,-0.2313560286122623,-0.9269187616048776,0.0998906120729867,0.0515208902854548,-0.2298786262119123,-0.5448955460692056,0.0996892222946979,0.862992694196664,-0.6172211570374333,0.2377906434232229,-1.0,-0.8556549771807826,-0.3002132599943622,-0.6688123494864259,1.0,0.4214334935542968,0.8692951005369445,-0.4896786782109726,1.0,0.1447584415656728,-0.1899303516584775,0.1749664988877138,-0.9452840376981314,0.9231251831351128,-0.7807326461641593,-0.1720315329026314,1.0,0.8807800677574587,-0.2448492874039105,1.0,0.522130622420584,0.260451509735459,0.7958165000678648,0.2496323842941765,0.206711347476306,0.8881086984738584,0.1199347871864923,0.6192110154715817,0.599479479883342,0.296868927388691,0.2531135946283434,0.1982537485371577,0.6991488885555723,0.5183164932767349,0.3074136909908096,0.090375043464236,0.2809774899067663,0.8514345288209739,0.0643907128591371,0.8464165138046724,1.0,0.8048536944960741,0.3623414282194929,0.4123447204715845,0.1118676369297551,0.5694809902047558,0.8372262376598146,0.0309430448060741,0.8539709671087546,0.0261255140315728,0.5727483369279059,0.3936518809192915,0.7221180057692673,0.0693651657692086,0.0792849818873615,0.7443811864833855,0.1915267055075925,0.3648935197557747,0.4006260129585844,0.1734239015370226,0.5466159023162387,0.926052618375365,0.8282306827017156,0.0001,0.6075958163104569,0.9042236866783084,0.7429219774140302,0.1946978320213976,0.1338983065301623,0.5521860051620852,0.8412273142627831,0.8709418817448598,1.0,0.0542062717827545,0.5023331465743188,0.654232131969011,0.1831058700143926,1.0,0.305755397896951,0.3734623291455097,0.0463243133102374,0.0290240530347529,0.7315459834324244,0.8106820538273842,0.2946617029799716,0.7254579238923253,0.2354995322979198,0.4379692645351202,0.906683860070807,0.2002040313387561,0.6843563961706758,0.9803023924682202,0.4316812087197054,0.9845955532704967,0.133714361381204,0.9617291833373336,0.9374502856297636,0.959774153877212,0.38,784
0,0,-0.9339457107425574,0.2495632834562403,0.4307046012882108,0.4390170575226321,-0.851938832714824,-0.7859785852831415,0.3308146784736501,-0.5797831897559955,-0.8235875403578516,-0.204856934018772,-0.2294711052385632,-0.3374389478921014,-0.3453604859380014,-0.5854449666680503,-0.7327295350912111,0.7747617172318126,-0.1152358083166449,-0.0753485682144922,-0.3891058426613822,-0.947309799895324,0.447004242504093,-0.6486400692703522,0.2771720000911509,-0.4642914730571854,-0.2609147570767005,-0.8910424348540849,-0.9619653528886166,-0.8405696715199007,-0.7130042918859213,-0.6873238122009616,-0.3003059632292084,-0.840377822590056,0.1513379086399557,-0.2164287851306686,-0.7206437547596536,-0.8021112751465914,0.1432218699426472,0.8238011524219491,0.3480860323723846,0.3629808468348,-0.8996539834801496,0.7759061059115531,-0.76275160765088,0.6660094625646711,0.5307030967319827,-0.3127638078735099,-0.5704810771601139,0.0101312484579945,0.4941161454215518,0.6519352993690787,0.4785188351016015,-0.2001845484792182,-0.2210071392468458,-0.5375257171533392,0.3890859631700319,-0.0131745143600627,-0.737196901488415,0.3621131447428294,-0.6679360726199766,0.915747443929524,0.4562683094526649,0.3336326243472641,0.2679230325125135,0.4428989161513612,0.4933463721759186,0.6914453214374656,0.7305180748250367,0.4675109502104598,0.5897942496281262,0.578934242235229,0.6182224942398747,0.3298311206252983,0.2989887994871646,0.643282553033465,0.6129177981086877,0.3992258202681696,0.0520316398439794,0.8621539825354942,0.2964536294475533,0.6706039989929958,0.2389854774328036,0.543418824090557,0.621770415052272,0.5350953757376813,0.2861115514461226,0.3564313492390153,0.3819711945824088,0.054592681933316,0.7120846211268433,0.2832544903243241,0.2031257637629633,0.4647366188795094,0.6774783149332831,0.2582290573741683,0.8622484484232418,0.1698061867252502,0.5367149497736207,0.3501233322154266,0.2574009100787537,0.3120029378847253,0.4486878529298113,0.7486030684850906,0.2879406804285644,0.2179286632531504,0.9893760387903984,0.7331723659712539,0.8477038017605005,0.7568920277096767,0.1565070989773492,0.07840508771506,0.8054436083000142,0.607762236915882,0.793609783983681,0.7326663917236386,0.2386063996713734,0.0760153382130416,0.3203063700298244,0.9839542648530945,0.3321365833375451,0.4197053607717143,0.0309575159299976,0.0141760995432364,0.0478125008769785,0.7307354842443703,0.6717802847485149,0.5421537298204716,0.1920376209927022,0.4189079448867574,0.3263477628139844,0.553176391078967,0.276485460403231,0.5335194366443174,0.9478066412426134,0.5836944593500187,0.083092316342392,0.5043111214380066,0.7081462360501687,0.797813414755666,0.29,7886
0,0,-0.9339457107425574,0.2495632834562403,0.4307046012882108,0.4390170575226321,-0.851938832714824,-0.7859785852831415,0.3308146784736501,-0.5797831897559955,-0.8235875403578516,-0.204856934018772,-0.2294711052385632,-0.3374389478921014,-0.3453604859380014,-0.5854449666680503,-0.7327295350912111,0.7747617172318126,-0.1152358083166449,-0.0753485682144922,-0.3891058426613822,-0.947309799895324,0.447004242504093,-0.6486400692703522,0.2771720000911509,-0.4642914730571854,-0.2609147570767005,-0.8910424348540849,-0.9619653528886166,-0.8405696715199007,-0.7130042918859213,-0.6873238122009616,-0.3003059632292084,-0.840377822590056,0.1513379086399557,-0.2164287851306686,-0.7206437547596536,-0.8021112751465914,0.1432218699426472,0.8238011524219491,0.3480860323723846,0.3629808468348,-0.8996539834801496,0.7759061059115531,-0.76275160765088,0.6660094625646711,0.5307030967319827,-0.3127638078735099,-0.5704810771601139,0.0101312484579945,0.4941161454215518,0.6519352993690787,0.4785188351016015,-0.2001845484792182,-0.2210071392468458,-0.5375257171533392,0.3890859631700319,-0.0131745143600627,-0.737196901488415,0.3621131447428294,-0.6679360726199766,0.915747443929524,0.4562683094526649,0.3336326243472641,0.2679230325125135,0.4428989161513612,0.4933463721759186,0.6914453214374656,0.7305180748250367,0.4675109502104598,0.5897942496281262,0.578934242235229,0.6182224942398747,0.3298311206252983,0.2989887994871646,0.643282553033465,0.6129177981086877,0.3992258202681696,0.0520316398439794,0.8621539825354942,0.2964536294475533,0.6706039989929958,0.2389854774328036,0.543418824090557,0.621770415052272,0.5350953757376813,0.2861115514461226,0.3564313492390153,0.3819711945824088,0.054592681933316,0.7120846211268433,0.2832544903243241,0.2031257637629633,0.4647366188795094,0.6774783149332831,0.2582290573741683,0.8622484484232418,0.1698061867252502,0.5367149497736207,0.3501233322154266,0.2574009100787537,0.3120029378847253,0.4486878529298113,0.7486030684850906,0.2879406804285644,0.2179286632531504,0.9893760387903984,0.7331723659712539,0.8477038017605005,0.7568920277096767,0.1565070989773492,0.07840508771506,0.8054436083000142,0.607762236915882,0.793609783983681,0.7326663917236386,0.2386063996713734,0.0760153382130416,0.3203063700298244,0.9839542648530945,0.3321365833375451,0.4197053607717143,0.0309575159299976,0.0141760995432364,0.0478125008769785,0.7307354842443703,0.6717802847485149,0.5421537298204716,0.1920376209927022,0.4189079448867574,0.3263477628139844,0.553176391078967,0.276485460403231,0.5335194366443174,0.9478066412426134,0.5836944593500187,0.083092316342392,0.5043111214380066,0.7081462360501687,0.797813414755666,0.29,7984
0,0,-0.9339457107425574,0.2495632834562403,0.4307046012882108,0.4390170575226321,-0.851938832714824,-0.7859785852831415,0.3308146784736501,-0.5797831897559955,-0.8235875403578516,-0.204856934018772,-0.2294711052385632,-0.3374389478921014,-0.3453604859380014,-0.5854449666680503,-0.7327295350912111,0.7747617172318126,-0.1152358083166449,-0.0753485682144922,-0.3891058426613822,-0.947309799895324,0.447004242504093,-0.6486400692703522,0.2771720000911509,-0.4642914730571854,-0.2609147570767005,-0.8910424348540849,-0.9619653528886166,-0.8405696715199007,-0.7130042918859213,-0.6873238122009616,-0.3003059632292084,-0.840377822590056,0.1513379086399557,-0.2164287851306686,-0.7206437547596536,-0.8021112751465914,0.1432218699426472,0.8238011524219491,0.3480860323723846,0.3629808468348,-0.8996539834801496,0.7759061059115531,-0.76275160765088,0.6660094625646711,0.5307030967319827,-0.3127638078735099,-0.5704810771601139,0.0101312484579945,0.4941161454215518,0.6519352993690787,0.4785188351016015,-0.2001845484792182,-0.2210071392468458,-0.5375257171533392,0.3890859631700319,-0.0131745143600627,-0.737196901488415,0.3621131447428294,-0.6679360726199766,0.915747443929524,0.4562683094526649,0.3336326243472641,0.2679230325125135,0.4428989161513612,0.4933463721759186,0.6914453214374656,0.7305180748250367,0.4675109502104598,0.5897942496281262,0.578934242235229,0.6182224942398747,0.3298311206252983,0.2989887994871646,0.643282553033465,0.6129177981086877,0.3992258202681696,0.0520316398439794,0.8621539825354942,0.2964536294475533,0.6706039989929958,0.2389854774328036,0.543418824090557,0.621770415052272,0.5350953757376813,0.2861115514461226,0.3564313492390153,0.3819711945824088,0.054592681933316,0.7120846211268433,0.2832544903243241,0.2031257637629633,0.4647366188795094,0.6774783149332831,0.2582290573741683,0.8622484484232418,0.1698061867252502,0.5367149497736207,0.3501233322154266,0.2574009100787537,0.3120029378847253,0.4486878529298113,0.7486030684850906,0.2879406804285644,0.2179286632531504,0.9893760387903984,0.7331723659712539,0.8477038017605005,0.7568920277096767,0.1565070989773492,0.07840508771506,0.8054436083000142,0.607762236915882,0.793609783983681,0.7326663917236386,0.2386063996713734,0.0760153382130416,0.3203063700298244,0.9839542648530945,0.3321365833375451,0.4197053607717143,0.0309575159299976,0.0141760995432364,0.0478125008769785,0.7307354842443703,0.6717802847485149,0.5421537298204716,0.1920376209927022,0.4189079448867574,0.3263477628139844,0.553176391078967,0.276485460403231,0.5335194366443174,0.9478066412426134,0.5836944593500187,0.083092316342392,0.5043111214380066,0.7081462360501687,0.797813414755666,0.29,8080
0,0,-0.9339457107425574,0.2495632834562403,0.4307046012882108,0.4390170575226321,-0.851938832714824,-0.7859785852831415,0.3308146784736501,-0.5797831897559955,-0.8235875403578516,-0.204856934018772,-0.2294711052385632,-0.3374389478921014,-0.3453604859380014,-0.5854449666680503,-0.7327295350912111,0.7747617172318126,-0.1152358083166449,-0.0753485682144922,-0.3891058426613822,-0.947309799895324,0.447004242504093,-0.6486400692703522,0.2771720000911509,-0.4642914730571854,-0.2609147570767005,-0.8910424348540849,-0.9619653528886166,-0.8405696715199007,-0.7130042918859213,-0.6873238122009616,-0.3003059632292084,-0.840377822590056,0.1513379086399557,-0.2164287851306686,-0.7206437547596536,-0.8021112751465914,0.1432218699426472,0.8238011524219491,0.3480860323723846,0.3629808468348,-0.8996539834801496,0.7759061059115531,-0.76275160765088,0.6660094625646711,0.5307030967319827,-0.3127638078735099,-0.5704810771601139,0.0101312484579945,0.4941161454215518,0.6519352993690787,0.4785188351016015,-0.2001845484792182,-0.2210071392468458,-0.5375257171533392,0.3890859631700319,-0.0131745143600627,-0.737196901488415,0.3621131447428294,-0.6679360726199766,0.915747443929524,0.4562683094526649,0.3336326243472641,0.2679230325125135,0.4428989161513612,0.4933463721759186,0.6914453214374656,0.7305180748250367,0.4675109502104598,0.5897942496281262,0.578934242235229,0.6182224942398747,0.3298311206252983,0.2989887994871646,0.643282553033465,0.6129177981086877,0.3992258202681696,0.0520316398439794,0.8621539825354942,0.2964536294475533,0.6706039989929958,0.2389854774328036,0.543418824090557,0.621770415052272,0.5350953757376813,0.2861115514461226,0.3564313492390153,0.3819711945824088,0.054592681933316,0.7120846211268433,0.2832544903243241,0.2031257637629633,0.4647366188795094,0.6774783149332831,0.2582290573741683,0.8622484484232418,0.1698061867252502,0.5367149497736207,0.3501233322154266,0.2574009100787537,0.3120029378847253,0.4486878529298113,0.7486030684850906,0.2879406804285644,0.2179286632531504,0.9893760387903984,0.7331723659712539,0.8477038017605005,0.7568920277096767,0.1565070989773492,0.07840508771506,0.8054436083000142,0.607762236915882,0.793609783983681,0.7326663917236386,0.2386063996713734,0.0760153382130416,0.3203063700298244,0.9839542648530945,0.3321365833375451,0.4197053607717143,0.0309575159299976,0.0141760995432364,0.0478125008769785,0.7307354842443703,0.6717802847485149,0.5421537298204716,0.1920376209927022,0.4189079448867574,0.3263477628139844,0.553176391078967,0.276485460403231,0.5335194366443174,0.9478066412426134,0.5836944593500187,0.083092316342392,0.5043111214380066,0.7081462360501687,0.797813414755666,0.29,8179
0,0,-0.9339457107425574,0.2495632834562403,0.4307046012882108,0.4390170575226321,-0.851938832714824,-0.7859785852831415,0.3308146784736501,-0.5797831897559955,-0.8235875403578516,-0.204856934018772,-0.2294711052385632,-0.3374389478921014,-0.3453604859380014,-0.5854449666680503,-0.7327295350912111,0.7747617172318126,-0.1152358083166449,-0.0753485682144922,-0.3891058426613822,-0.947309799895324,0.447004242504093,-0.6486400692703522,0.2771720000911509,-0.4642914730571854,-0.2609147570767005,-0.8910424348540849,-0.9619653528886166,-0.8405696715199007,-0.7130042918859213,-0.6873238122009616,-0.3003059632292084,-0.840377822590056,0.1513379086399557,-0.2164287851306686,-0.7206437547596536,-0.8021112751465914,0.1432218699426472,0.8238011524219491,0.3480860323723846,0.3629808468348,-0.8996539834801496,0.7759061059115531,-0.76275160765088,0.6660094625646711,0.5307030967319827,-0.3127638078735099,-0.5704810771601139,0.0101312484579945,0.4941161454215518,0.6519352993690787,0.4785188351016015,-0.2001845484792182,-0.2210071392468458,-0.5375257171533392,0.3890859631700319,-0.0131745143600627,-0.737196901488415,0.3621131447428294,-0.6679360726199766,0.915747443929524,0.4562683094526649,0.3336326243472641,0.2679230325125135,0.4428989161513612,0.4933463721759186,0.6914453214374656,0.7305180748250367,0.4675109502104598,0.5897942496281262,0.578934242235229,0.6182224942398747,0.3298311206252983,0.2989887994871646,0.643282553033465,0.6129177981086877,0.3992258202681696,0.0520316398439794,0.8621539825354942,0.2964536294475533,0.6706039989929958,0.2389854774328036,0.543418824090557,0.621770415052272,0.5350953757376813,0.2861115514461226,0.3564313492390153,0.3819711945824088,0.054592681933316,0.7120846211268433,0.2832544903243241,0.2031257637629633,0.4647366188795094,0.6774783149332831,0.2582290573741683,0.8622484484232418,0.1698061867252502,0.5367149497736207,0.3501233322154266,0.2574009100787537,0.3120029378847253,0.4486878529298113,0.7486030684850906,0.2879406804285644,0.2179286632531504,0.9893760387903984,0.7331723659712539,0.8477038017605005,0.7568920277096767,0.1565070989773492,0.07840508771506,0.8054436083000142,0.607762236915882,0.793609783983681,0.7326663917236386,0.2386063996713734,0.0760153382130416,0.3203063700298244,0.9839542648530945,0.3321365833375451,0.4197053607717143,0.0309575159299976,0.0141760995432364,0.0478125008769785,0.7307354842443703,0.6717802847485149,0.5421537298204716,0.1920376209927022,0.4189079448867574,0.3263477628139844,0.553176391078967,0.276485460403231,0.5335194366443174,0.9478066412426134,0.5836944593500187,0.083092316342392,0.5043111214380066,0.7081462360501687,0.797813414755666,0.29,8279
0,0,-0.9339457107425574,0.2495632834562403,0.4307046012882108,0.4390170575226321,-0.851938832714824,-0.7859785852831415,0.3308146784736501,-0.5797831897559955,-0.8235875403578516,-0.204856934018772,-0.2294711052385632,-0.3374389478921014,-0.3453604859380014,-0.5854449666680503,-0.7327295350912111,0.7747617172318126,-0.1152358083166449,-0.0753485682144922,-0.3891058426613822,-0.947309799895324,0.447004242504093,-0.6486400692703522,0.2771720000911509,-0.4642914730571854,-0.2609147570767005,-0.8910424348540849,-0.9619653528886166,-0.8405696715199007,-0.7130042918859213,-0.6873238122009616,-0.3003059632292084,-0.840377822590056,0.1513379086399557,-0.2164287851306686,-0.7206437547596536,-0.8021112751465914,0.1432218699426472,0.8238011524219491,0.3480860323723846,0.3629808468348,-0.8996539834801496,0.7759061059115531,-0.76275160765088,0.6660094625646711,0.5307030967319827,-0.3127638078735099,-0.5704810771601139,0.0101312484579945,0.4941161454215518,0.6519352993690787,0.4785188351016015,-0.2001845484792182,-0.2210071392468458,-0.5375257171533392,0.3890859631700319,-0.0131745143600627,-0.737196901488415,0.3621131447428294,-0.6679360726199766,0.915747443929524,0.4562683094526649,0.3336326243472641,0.2679230325125135,0.4428989161513612,0.4933463721759186,0.6914453214374656,0.7305180748250367,0.4675109502104598,0.5897942496281262,0.578934242235229,0.6182224942398747,0.3298311206252983,0.2989887994871646,0.643282553033465,0.6129177981086877,0.3992258202681696,0.0520316398439794,0.8621539825354942,0.2964536294475533,0.6706039989929958,0.2389854774328036,0.543418824090557,0.621770415052272,0.5350953757376813,0.2861115514461226,0.3564313492390153,0.3819711945824088,0.054592681933316,0.7120846211268433,0.2832544903243241,0.2031257637629633,0.4647366188795094,0.6774783149332831,0.2582290573741683,0.8622484484232418,0.1698061867252502,0.5367149497736207,0.3501233322154266,0.2574009100787537,0.3120029378847253,0.4486878529298113,0.7486030684850906,0.2879406804285644,0.2179286632531504,0.9893760387903984,0.7331723659712539,0.8477038017605005,0.7568920277096767,0.1565070989773492,0.07840508771506,0.8054436083000142,0.607762236915882,0.793609783983681,0.7326663917236386,0.2386063996713734,0.0760153382130416,0.3203063700298244,0.9839542648530945,0.3321365833375451,0.4197053607717143,0.0309575159299976,0.0141760995432364,0.0478125008769785,0.7307354842443703,0.6717802847485149,0.5421537298204716,0.1920376209927022,0.4189079448867574,0.3263477628139844,0.553176391078967,0.276485460403231,0.5335194366443174,0.9478066412426134,0.5836944593500187,0.083092316342392,0.5043111214380066,0.7081462360501687,0.797813414755666,0.29,8376
0,0,-0.9339457107425574,0.2495632834562403,0.4307046012882108,0.4390170575226321,-0.851938832714824,-0.7859785852831415,0.3308146784736501,-0.5797831897559955,-0.8235875403578516,-0.204856934018772,-0.2294711052385632,-0.3374389478921014,-0.3453604859380014,-0.5854449666680503,-0.7327295350912111,0.7747617172318126,-0.1152358083166449,-0.0753485682144922,-0.3891058426613822,-0.947309799895324,0.447004242504093,-0.6486400692703522,0.2771720000911509,-0.4642914730571854,-0.2609147570767005,-0.8910424348540849,-0.9619653528886166,-0.8405696715199007,-0.7130042918859213,-0.6873238122009616,-0.3003059632292084,-0.840377822590056,0.1513379086399557,-0.2164287851306686,-0.7206437547596536,-0.8021112751465914,0.1432218699426472,0.8238011524219491,0.3480860323723846,0.3629808468348,-0.8996539834801496,0.7759061059115531,-0.76275160765088,0.6660094625646711,0.5307030967319827,-0.3127638078735099,-0.5704810771601139,0.0101312484579945,0.4941161454215518,0.6519352993690787,0.4785188351016015,-0.2001845484792182,-0.2210071392468458,-0.5375257171533392,0.3890859631700319,-0.0131745143600627,-0.737196901488415,0.3621131447428294,-0.6679360726199766,0.915747443929524,0.4562683094526649,0.3336326243472641,0.2679230325125135,0.4428989161513612,0.4933463721759186,0.6914453214374656,0.7305180748250367,0.4675109502104598,0.5897942496281262,0.578934242235229,0.6182224942398747,0.3298311206252983,0.2989887994871646,0.643282553033465,0.6129177981086877,0.3992258202681696,0.0520316398439794,0.8621539825354942,0.2964536294475533,0.6706039989929958,0.2389854774328036,0.543418824090557,0.621770415052272,0.5350953757376813,0.2861115514461226,0.3564313492390153,0.3819711945824088,0.054592681933316,0.7120846211268433,0.2832544903243241,0.2031257637629633,0.4647366188795094,0.6774783149332831,0.2582290573741683,0.8622484484232418,0.1698061867252502,0.5367149497736207,0.3501233322154266,0.2574009100787537,0.3120029378847253,0.4486878529298113,0.7486030684850906,0.2879406804285644,0.2179286632531504,0.9893760387903984,0.7331723659712539,0.8477038017605005,0.7568920277096767,0.1565070989773492,0.07840508771506,0.8054436083000142,0.607762236915882,0.793609783983681,0.7326663917236386,0.2386063996713734,0.0760153382130416,0.3203063700298244,0.9839542648530945,0.3321365833375451,0.4197053607717143,0.0309575159299976,0.0141760995432364,0.0478125008769785,0.7307354842443703,0.6717802847485149,0.5421537298204716,0.1920376209927022,0.4189079448867574,0.3263477628139844,0.553176391078967,0.276485460403231,0.5335194366443174,0.9478066412426134,0.5836944593500187,0.083092316342392,0.5043111214380066,0.7081462360501687,0.797813414755666,0.29,8472
0,0,-0.9339457107425574,0.2495632834562403,0.4307046012882108,0.4390170575226321,-0.851938832714824,-0.7859785852831415,0.3308146784736501,-0.5797831897559955,-0.8235875403578516,-0.204856934018772,-0.2294711052385632,-0.3374389478921014,-0.3453604859380014,-0.5854449666680503,-0.7327295350912111,0.7747617172318126,-0.1152358083166449,-0.0753485682144922,-0.3891058426613822,-0.947309799895324,0.447004242504093,-0.6486400692703522,0.2771720000911509,-0.4642914730571854,-0.2609147570767005,-0.8910424348540849,-0.9619653528886166,-0.8405696715199007,-0.7130042918859213,-0.6873238122009616,-0.3003059632292084,-0.840377822590056,0.1513379086399557,-0.2164287851306686,-0.7206437547596536,-0.8021112751465914,0.1432218699426472,0.8238011524219491,0.3480860323723846,0.3629808468348,-0.8996539834801496,0.7759061059115531,-0.76275160765088,0.6660094625646711,0.5307030967319827,-0.3127638078735099,-0.5704810771601139,0.0101312484579945,0.4941161454215518,0.6519352993690787,0.4785188351016015,-0.2001845484792182,-0.2210071392468458,-0.5375257171533392,0.3890859631700319,-0.0131745143600627,-0.737196901488415,0.3621131447428294,-0.6679360726199766,0.915747443929524,0.4562683094526649,0.3336326243472641,0.2679230325125135,0.4428989161513612,0.4933463721759186,0.6914453214374656,0.7305180748250367,0.4675109502104598,0.5897942496281262,0.578934242235229,0.6182224942398747,0.3298311206252983,0.2989887994871646,0.643282553033465,0.6129177981086877,0.3992258202681696,0.0520316398439794,0.8621539825354942,0.2964536294475533,0.6706039989929958,0.2389854774328036,0.543418824090557,0.621770415052272,0.5350953757376813,0.2861115514461226,0.3564313492390153,0.3819711945824088,0.054592681933316,0.7120846211268433,0.2832544903243241,0.2031257637629633,0.4647366188795094,0.6774783149332831,0.2582290573741683,0.8622484484232418,0.1698061867252502,0.5367149497736207,0.3501233322154266,0.2574009100787537,0.3120029378847253,0.4486878529298113,0.7486030684850906,0.2879406804285644,0.2179286632531504,0.9893760387903984,0.7331723659712539,0.8477038017605005,0.7568920277096767,0.1565070989773492,0.07840508771506,0.8054436083000142,0.607762236915882,0.793609783983681,0.7326663917236386,0.2386063996713734,0.0760153382130416,0.3203063700298244,0.9839542648530945,0.3321365833375451,0.4197053607717143,0.0309575159299976,0.0141760995432364,0.0478125008769785,0.7307354842443703,0.6717802847485149,0.5421537298204716,0.1920376209927022,0.4189079448867574,0.3263477628139844,0.553176391078967,0.276485460403231,0.5335194366443174,0.9478066412426134,0.5836944593500187,0.083092316342392,0.5043111214380066,0.7081462360501687,0.797813414755666,0.29,8571
0,0,-0.9339457107425574,0.2495632834562403,0.4307046012882108,0.4390170575226321,-0.851938832714824,-0.7859785852831415,0.3308146784736501,-0.5797831897559955,-0.8235875403578516,-0.204856934018772,-0.2294711052385632,-0.3374389478921014,-0.3453604859380014,-0.5854449666680503,-0.7327295350912111,0.7747617172318126,-0.1152358083166449,-0.0753485682144922,-0.3891058426613822,-0.947309799895324,0.447004242504093,-0.6486400692703522,0.2771720000911509,-0.4642914730571854,-0.2609147570767005,-0.8910424348540849,-0.9619653528886166,-0.8405696715199007,-0.7130042918859213,-0.6873238122009616,-0.3003059632292084,-0.840377822590056,0.1513379086399557,-0.2164287851306686,-0.7206437547596536,-0.8021112751465914,0.1432218699426472,0.8238011524219491,0.3480860323723846,0.3629808468348,-0.8996539834801496,0.7759061059115531,-0.76275160765088,0.6660094625646711,0.5307030967319827,-0.3127638078735099,-0.5704810771601139,0.0101312484579945,0.4941161454215518,0.6519352993690787,0.4785188351016015,-0.2001845484792182,-0.2210071392468458,-0.5375257171533392,0.3890859631700319,-0.0131745143600627,-0.737196901488415,0.3621131447428294,-0.6679360726199766,0.915747443929524,0.4562683094526649,0.3336326243472641,0.2679230325125135,0.4428989161513612,0.4933463721759186,0.6914453214374656,0.7305180748250367,0.4675109502104598,0.5897942496281262,0.578934242235229,0.6182224942398747,0.3298311206252983,0.2989887994871646,0.643282553033465,0.6129177981086877,0.3992258202681696,0.0520316398439794,0.8621539825354942,0.2964536294475533,0.6706039989929958,0.2389854774328036,0.543418824090557,0.621770415052272,0.5350953757376813,0.2861115514461226,0.3564313492390153,0.3819711945824088,0.054592681933316,0.7120846211268433,0.2832544903243241,0.2031257637629633,0.4647366188795094,0.6774783149332831,0.2582290573741683,0.8622484484232418,0.1698061867252502,0.5367149497736207,0.3501233322154266,0.2574009100787537,0.3120029378847253,0.4486878529298113,0.7486030684850906,0.2879406804285644,0.2179286632531504,0.9893760387903984,0.7331723659712539,0.8477038017605005,0.7568920277096767,0.1565070989773492,0.07840508771506,0.8054436083000142,0.607762236915882,0.793609783983681,0.7326663917236386,0.2386063996713734,0.0760153382130416,0.3203063700298244,0.9839542648530945,0.3321365833375451,0.4197053607717143,0.0309575159299976,0.0141760995432364,0.0478125008769785,0.7307354842443703,0.6717802847485149,0.5421537298204716,0.1920376209927022,0.4189079448867574,0.3263477628139844,0.553176391078967,0.276485460403231,0.5335194366443174,0.9478066412426134,0.5836944593500187,0.083092316342392,0.5043111214380066,0.7081462360501687,0.797813414755666,0.29,8669
0,0,-0.9339457107425574,0.2495632834562403,0.4307046012882108,0.4390170575226321,-0.851938832714824,-0.7859785852831415,0.3308146784736501,-0.5797831897559955,-0.8235875403578516,-0.204856934018772,-0.2294711052385632,-0.3374389478921014,-0.3453604859380014,-0.5854449666680503,-0.7327295350912111,0.7747617172318126,-0.1152358083166449,-0.0753485682144922,-0.3891058426613822,-0.947309799895324,0.447004242504093,-0.6486400692703522,0.2771720000911509,-0.4642914730571854,-0.2609147570767005,-0.8910424348540849,-0.9619653528886166,-0.8405696715199007,-0.7130042918859213,-0.6873238122009616,-0.3003059632292084,-0.840377822590056,0.1513379086399557,-0.2164287851306686,-0.7206437547596536,-0.8021112751465914,0.1432218699426472,0.8238011524219491,0.3480860323723846,0.3629808468348,-0.8996539834801496,0.7759061059115531,-0.76275160765088,0.6660094625646711,0.5307030967319827,-0.3127638078735099,-0.5704810771601139,0.0101312484579945,0.4941161454215518,0.6519352993690787,0.4785188351016015,-0.2001845484792182,-0.2210071392468458,-0.5375257171533392,0.3890859631700319,-0.0131745143600627,-0.737196901488415,0.3621131447428294,-0.6679360726199766,0.915747443929524,0.4562683094526649,0.3336326243472641,0.2679230325125135,0.4428989161513612,0.4933463721759186,0.6914453214374656,0.7305180748250367,0.4675109502104598,0.5897942496281262,0.578934242235229,0.6182224942398747,0.3298311206252983,0.2989887994871646,0.643282553033465,0.6129177981086877,0.3992258202681696,0.0520316398439794,0.8621539825354942,0.2964536294475533,0.6706039989929958,0.2389854774328036,0.543418824090557,0.621770415052272,0.5350953757376813,0.2861115514461226,0.3564313492390153,0.3819711945824088,0.054592681933316,0.7120846211268433,0.2832544903243241,0.2031257637629633,0.4647366188795094,0.6774783149332831,0.2582290573741683,0.8622484484232418,0.1698061867252502,0.5367149497736207,0.3501233322154266,0.2574009100787537,0.3120029378847253,0.4486878529298113,0.7486030684850906,0.2879406804285644,0.2179286632531504,0.9893760387903984,0.7331723659712539,0.8477038017605005,0.7568920277096767,0.1565070989773492,0.07840508771506,0.8054436083000142,0.607762236915882,0.793609783983681,0.7326663917236386,0.2386063996713734,0.0760153382130416,0.3203063700298244,0.9839542648530945,0.3321365833375451,0.4197053607717143,0.0309575159299976,0.0141760995432364,0.0478125008769785,0.7307354842443703,0.6717802847485149,0.5421537298204716,0.1920376209927022,0.4189079448867574,0.3263477628139844,0.553176391078967,0.276485460403231,0.5335194366443174,0.9478066412426134,0.5836944593500187,0.083092316342392,0.5043111214380066,0.7081462360501687,0.797813414755666,0.29,8765
0,0,-0.6110958016546741,0.4354438493022878,-0.2031565181274884,-0.826161167668332,0.6213789569004412,0.1460210505364812,-0.4278331386293768,-0.4449643843404307,-1.0,-0.5799330401279484,0.0014048033711286,-0.5014241852201571,0.5975052443634113,-0.1201604285684379,-0.5523940609913933,-0.9114947084266952,0.4728437767953464,-0.2328473462101808,0.3590553157291763,-0.5639454460313964,-0.8424605149584984,-0.524807153088461,0.9683611853412938,-0.5609949480954645,0.5201554820282881,-1.0,-0.8508421195166413,-0.2108881122130625,-0.2420591987610316,0.607133871466501,-0.2313560286122623,-0.9269187616048776,0.0998906120729867,0.0515208902854548,-0.2298786262119123,-0.5448955460692056,0.0996892222946979,0.862992694196664,-0.6172211570374333,0.2377906434232229,-1.0,-0.8556549771807826,-0.3002132599943622,-0.6688123494864259,1.0,0.4214334935542968,0.8692951005369445,-0.4896786782109726,1.0,0.1447584415656728,-0.1899303516584775,0.1749664988877138,-0.9452840376981314,0.9231251831351128,-0.7807326461641593,-0.1720315329026314,1.0,0.8807800677574587,-0.2448492874039105,1.0,0.522130622420584,0.260451509735459,0.7958165000678648,0.2496323842941765,0.206711347476306,0.8881086984738584,0.1199347871864923,0.6192110154715817,0.599479479883342,0.296868927388691,0.2531135946283434,0.1982537485371577,0.6991488885555723,0.5183164932767349,0.3074136909908096,0.090375043464236,0.2809774899067663,0.8514345288209739,0.0643907128591371,0.8464165138046724,1.0,0.8048536944960741,0.3623414282194929,0.4123447204715845,0.1118676369297551,0.5694809902047558,0.8372262376598146,0.0309430448060741,0.8539709671087546,0.0261255140315728,0.5727483369279059,0.3936518809192915,0.7221180057692673,0.0693651657692086,0.0792849818873615,0.7443811864833855,0.1915267055075925,0.3648935197557747,0.4006260129585844,0.1734239015370226,0.5466159023162387,0.926052618375365,0.8282306827017156,0.0001,0.6075958163104569,0.9042236866783084,0.7429219774140302,0.1946978320213976,0.1338983065301623,0.5521860051620852,0.8412273142627831,0.8709418817448598,1.0,0.0542062717827545,0.5023331465743188,0.654232131969011,0.1831058700143926,1.0,0.305755397896951,0.3734623291455097,0.0463243133102374,0.0290240530347529,0.7315459834324244,0.8106820538273842,0.2946617029799716,0.7254579238923253,0.2354995322979198,0.4379692645351202,0.906683860070807,0.2002040313387561,0.6843563961706758,0.9803023924682202,0.4316812087197054,0.9845955532704967,0.133714361381204,0.9617291833373336,0.9374502856297636,0.959774153877212,0.38,884
0,0,-0.9339457107425574,0.2495632834562403,0.4307046012882108,0.4390170575226321,-0.851938832714824,-0.7859785852831415,0.3308146784736501,-0.5797831897559955,-0.8235875403578516,-0.204856934018772,-0.2294711052385632,-0.3374389478921014,-0.3453604859380014,-0.5854449666680503,-0.7327295350912111,0.7747617172318126,-0.1152358083166449,-0.0753485682144922,-0.3891058426613822,-0.947309799895324,0.447004242504093,-0.6486400692703522,0.2771720000911509,-0.4642914730571854,-0.2609147570767005,-0.8910424348540849,-0.9619653528886166,-0.8405696715199007,-0.7130042918859213,-0.6873238122009616,-0.3003059632292084,-0.840377822590056,0.1513379086399557,-0.2164287851306686,-0.7206437547596536,-0.8021112751465914,0.1432218699426472,0.8238011524219491,0.3480860323723846,0.3629808468348,-0.8996539834801496,0.7759061059115531,-0.76275160765088,0.6660094625646711,0.5307030967319827,-0.3127638078735099,-0.5704810771601139,0.0101312484579945,0.4941161454215518,0.6519352993690787,0.4785188351016015,-0.2001845484792182,-0.2210071392468458,-0.5375257171533392,0.3890859631700319,-0.0131745143600627,-0.737196901488415,0.3621131447428294,-0.6679360726199766,0.915747443929524,0.4562683094526649,0.3336326243472641,0.2679230325125135,0.4428989161513612,0.4933463721759186,0.6914453214374656,0.7305180748250367,0.4675109502104598,0.5897942496281262,0.578934242235229,0.6182224942398747,0.3298311206252983,0.2989887994871646,0.643282553033465,0.6129177981086877,0.3992258202681696,0.0520316398439794,0.8621539825354942,0.2964536294475533,0.6706039989929958,0.2389854774328036,0.543418824090557,0.621770415052272,0.5350953757376813,0.2861115514461226,0.3564313492390153,0.3819711945824088,0.054592681933316,0.7120846211268433,0.2832544903243241,0.2031257637629633,0.4647366188795094,0.6774783149332831,0.2582290573741683,0.8622484484232418,0.1698061867252502,0.5367149497736207,0.3501233322154266,0.2574009100787537,0.3120029378847253,0.4486878529298113,0.7486030684850906,0.2879406804285644,0.2179286632531504,0.9893760387903984,0.7331723659712539,0.8477038017605005,0.7568920277096767,0.1565070989773492,0.07840508771506,0.8054436083000142,0.607762236915882,0.793609783983681,0.7326663917236386,0.2386063996713734,0.0760153382130416,0.3203063700298244,0.9839542648530945,0.3321365833375451,0.4197053607717143,0.0309575159299976,0.0141760995432364,0.0478125008769785,0.7307354842443703,0.6717802847485149,0.5421537298204716,0.1920376209927022,0.4189079448867574,0.3263477628139844,0.553176391078967,0.276485460403231,0.5335194366443174,0.9478066412426134,0.5836944593500187,0.083092316342392,0.5043111214380066,0.7081462360501687,0.797813414755666,0.29,8864
0,0,-0.9346914172633012,0.2481907230690224,0.4279780415390507,0.4395707147690749,-0.8530113273202004,-0.7884532343326986,0.3333062847125119,-0.5799306180341322,-0.8231660350417385,-0.2074695660781767,-0.252124015998481,-0.325729584203777,-0.3398338963233638,-0.6292137262925083,-0.7306426707166759,0.7276346521128362,-0.0931558666990973,-0.080128328176982,-0.3884509994618835,-0.923916456961155,0.2709794433163168,-0.6430191596641992,0.2848249436299058,-0.4580389009169717,-0.2760882934432223,-0.8950855822453658,-0.9536484994921948,-0.8491301234124085,-0.6651349472455095,-0.6693249638136317,-0.3039999844966931,-0.8783006414510816,0.1505756073150454,-0.1980589101846854,-0.7341887617393618,-0.8006464438399153,0.1405949202215045,0.821558088310417,0.3482275414515312,0.3412811793048542,-0.9028603031105932,0.7749331487647275,-0.7628645993993917,0.664010360603036,0.5295777889492866,-0.3212632542763402,-0.5657804087871068,0.010910223727996,0.4340592125005271,0.6575079522026872,0.4768125232878251,-0.1864816640948919,-0.1401758094402079,-0.5473444562506592,0.3810188412299948,-0.0124994360443034,-0.8335858782162524,0.3607566058606039,-0.7480955943345349,0.9121560252952444,0.455213170737497,0.3337073123169503,0.2680293334160718,0.4503257065687815,0.4900501931846147,0.6910501302163212,0.7280776552878578,0.4640556872721781,0.584499233058191,0.5502437562663308,0.6233422807603151,0.3285072998827436,0.3011974566370247,0.6436909291411532,0.6104953812671224,0.399651310158524,0.0526117743518157,0.8703525308667442,0.3013350382991029,0.6525333307849698,0.2426409097495696,0.5301687248755126,0.6164285266809223,0.5330713806376478,0.288314131282548,0.365413286536534,0.3821755604759747,0.0521119542148431,0.7093326610350627,0.2799144781246312,0.2286187884135009,0.4766797881069388,0.6795024724910517,0.2718040586717121,0.8473873287252662,0.1680795140912349,0.5363178206988796,0.3509131934005048,0.2609803165288299,0.306895437687717,0.4468190198111312,0.7527711651510932,0.3028734980341664,0.1910370272646537,0.9782601911684354,0.739942469055262,0.8396543304700409,0.7564206708991353,0.1580196094004802,0.0781852810980908,0.8069370369280744,0.6050263424845674,0.7964861446368446,0.7281803812431459,0.2346566980000524,0.0757110217772673,0.3204991528493834,0.9839163966291464,0.3335998503268784,0.4173987237982245,0.0705904648350403,0.0142338083971969,0.0475018693261561,0.7299769914591,0.6965090351247564,0.5523390858016226,0.1915990615329058,0.422020335514341,0.3268473170942679,0.5501496901251599,0.2777304408790384,0.5349374926662013,0.906039879515992,0.5814466643968955,0.083591468322742,0.484675686911028,0.7082852750438419,0.7955120176245163,0.28,8959
0,0,-0.9346914172633012,0.2481907230690224,0.4279780415390507,0.4395707147690749,-0.8530113273202004,-0.7884532343326986,0.3333062847125119,-0.5799306180341322,-0.8231660350417385,-0.2074695660781767,-0.252124015998481,-0.325729584203777,-0.3398338963233638,-0.6292137262925083,-0.7306426707166759,0.7276346521128362,-0.0931558666990973,-0.080128328176982,-0.3884509994618835,-0.923916456961155,0.2709794433163168,-0.6430191596641992,0.2848249436299058,-0.4580389009169717,-0.2760882934432223,-0.8950855822453658,-0.9536484994921948,-0.8491301234124085,-0.6651349472455095,-0.6693249638136317,-0.3039999844966931,-0.8783006414510816,0.1505756073150454,-0.1980589101846854,-0.7341887617393618,-0.8006464438399153,0.1405949202215045,0.821558088310417,0.3482275414515312,0.3412811793048542,-0.9028603031105932,0.7749331487647275,-0.7628645993993917,0.664010360603036,0.5295777889492866,-0.3212632542763402,-0.5657804087871068,0.010910223727996,0.4340592125005271,0.6575079522026872,0.4768125232878251,-0.1864816640948919,-0.1401758094402079,-0.5473444562506592,0.3810188412299948,-0.0124994360443034,-0.8335858782162524,0.3607566058606039,-0.7480955943345349,0.9121560252952444,0.455213170737497,0.3337073123169503,0.2680293334160718,0.4503257065687815,0.4900501931846147,0.6910501302163212,0.7280776552878578,0.4640556872721781,0.584499233058191,0.5502437562663308,0.6233422807603151,0.3285072998827436,0.3011974566370247,0.6436909291411532,0.6104953812671224,0.399651310158524,0.0526117743518157,0.8703525308667442,0.3013350382991029,0.6525333307849698,0.2426409097495696,0.5301687248755126,0.6164285266809223,0.5330713806376478,0.288314131282548,0.365413286536534,0.3821755604759747,0.0521119542148431,0.7093326610350627,0.2799144781246312,0.2286187884135009,0.4766797881069388,0.6795024724910517,0.2718040586717121,0.8473873287252662,0.1680795140912349,0.5363178206988796,0.3509131934005048,0.2609803165288299,0.306895437687717,0.4468190198111312,0.7527711651510932,0.3028734980341664,0.1910370272646537,0.9782601911684354,0.739942469055262,0.8396543304700409,0.7564206708991353,0.1580196094004802,0.0781852810980908,0.8069370369280744,0.6050263424845674,0.7964861446368446,0.7281803812431459,0.2346566980000524,0.0757110217772673,0.3204991528493834,0.9839163966291464,0.3335998503268784,0.4173987237982245,0.0705904648350403,0.0142338083971969,0.0475018693261561,0.7299769914591,0.6965090351247564,0.5523390858016226,0.1915990615329058,0.422020335514341,0.3268473170942679,0.5501496901251599,0.2777304408790384,0.5349374926662013,0.906039879515992,0.5814466643968955,0.083591468322742,0.484675686911028,0.7082852750438419,0.7955120176245163,0.28,9054
0,0,-0.9346914172633012,0.2481907230690224,0.4279780415390507,0.4395707147690749,-0.8530113273202004,-0.7884532343326986,0.3333062847125119,-0.5799306180341322,-0.8231660350417385,-0.2074695660781767,-0.252124015998481,-0.325729584203777,-0.3398338963233638,-0.6292137262925083,-0.7306426707166759,0.7276346521128362,-0.0931558666990973,-0.080128328176982,-0.3884509994618835,-0.923916456961155,0.2709794433163168,-0.6430191596641992,0.2848249436299058,-0.4580389009169717,-0.2760882934432223,-0.8950855822453658,-0.9536484994921948,-0.8491301234124085,-0.6651349472455095,-0.6693249638136317,-0.3039999844966931,-0.8783006414510816,0.1505756073150454,-0.1980589101846854,-0.7341887617393618,-0.8006464438399153,0.1405949202215045,0.821558088310417,0.3482275414515312,0.3412811793048542,-0.9028603031105932,0.7749331487647275,-0.7628645993993917,0.664010360603036,0.5295777889492866,-0.3212632542763402,-0.5657804087871068,0.010910223727996,0.4340592125005271,0.6575079522026872,0.4768125232878251,-0.1864816640948919,-0.1401758094402079,-0.5473444562506592,0.3810188412299948,-0.0124994360443034,-0.8335858782162524,0.3607566058606039,-0.7480955943345349,0.9121560252952444,0.455213170737497,0.3337073123169503,0.2680293334160718,0.4503257065687815,0.4900501931846147,0.6910501302163212,0.7280776552878578,0.4640556872721781,0.584499233058191,0.5502437562663308,0.6233422807603151,0.3285072998827436,0.3011974566370247,0.6436909291411532,0.6104953812671224,0.399651310158524,0.0526117743518157,0.8703525308667442,0.3013350382991029,0.6525333307849698,0.2426409097495696,0.5301687248755126,0.6164285266809223,0.5330713806376478,0.288314131282548,0.365413286536534,0.3821755604759747,0.0521119542148431,0.7093326610350627,0.2799144781246312,0.2286187884135009,0.4766797881069388,0.6795024724910517,0.2718040586717121,0.8473873287252662,0.1680795140912349,0.5363178206988796,0.3509131934005048,0.2609803165288299,0.306895437687717,0.4468190198111312,0.7527711651510932,0.3028734980341664,0.1910370272646537,0.9782601911684354,0.739942469055262,0.8396543304700409,0.7564206708991353,0.1580196094004802,0.0781852810980908,0.8069370369280744,0.6050263424845674,0.7964861446368446,0.7281803812431459,0.2346566980000524,0.0757110217772673,0.3204991528493834,0.9839163966291464,0.3335998503268784,0.4173987237982245,0.0705904648350403,0.0142338083971969,0.0475018693261561,0.7299769914591,0.6965090351247564,0.5523390858016226,0.1915990615329058,0.422020335514341,0.3268473170942679,0.5501496901251599,0.2777304408790384,0.5349374926662013,0.906039879515992,0.5814466643968955,0.083591468322742,0.484675686911028,0.7082852750438419,0.7955120176245163,0.28,9154
0,0,-0.9346914172633012,0.2481907230690224,0.4279780415390507,0.4395707147690749,-0.8530113273202004,-0.7884532343326986,0.3333062847125119,-0.5799306180341322,-0.8231660350417385,-0.2074695660781767,-0.252124015998481,-0.325729584203777,-0.3398338963233638,-0.6292137262925083,-0.7306426707166759,0.7276346521128362,-0.0931558666990973,-0.080128328176982,-0.3884509994618835,-0.923916456961155,0.2709794433163168,-0.6430191596641992,0.2848249436299058,-0.4580389009169717,-0.2760882934432223,-0.8950855822453658,-0.9536484994921948,-0.8491301234124085,-0.6651349472455095,-0.6693249638136317,-0.3039999844966931,-0.8783006414510816,0.1505756073150454,-0.1980589101846854,-0.7341887617393618,-0.8006464438399153,0.1405949202215045,0.821558088310417,0.3482275414515312,0.3412811793048542,-0.9028603031105932,0.7749331487647275,-0.7628645993993917,0.664010360603036,0.5295777889492866,-0.3212632542763402,-0.5657804087871068,0.010910223727996,0.4340592125005271,0.6575079522026872,0.4768125232878251,-0.1864816640948919,-0.1401758094402079,-0.5473444562506592,0.3810188412299948,-0.0124994360443034,-0.8335858782162524,0.3607566058606039,-0.7480955943345349,0.9121560252952444,0.455213170737497,0.3337073123169503,0.2680293334160718,0.4503257065687815,0.4900501931846147,0.6910501302163212,0.7280776552878578,0.4640556872721781,0.584499233058191,0.5502437562663308,0.6233422807603151,0.3285072998827436,0.3011974566370247,0.6436909291411532,0.6104953812671224,0.399651310158524,0.0526117743518157,0.8703525308667442,0.3013350382991029,0.6525333307849698,0.2426409097495696,0.5301687248755126,0.6164285266809223,0.5330713806376478,0.288314131282548,0.365413286536534,0.3821755604759747,0.0521119542148431,0.7093326610350627,0.2799144781246312,0.2286187884135009,0.4766797881069388,0.6795024724910517,0.2718040586717121,0.8473873287252662,0.1680795140912349,0.5363178206988796,0.3509131934005048,0.2609803165288299,0.306895437687717,0.4468190198111312,0.7527711651510932,0.3028734980341664,0.1910370272646537,0.9782601911684354,0.739942469055262,0.8396543304700409,0.7564206708991353,0.1580196094004802,0.0781852810980908,0.8069370369280744,0.6050263424845674,0.7964861446368446,0.7281803812431459,0.2346566980000524,0.0757110217772673,0.3204991528493834,0.9839163966291464,0.3335998503268784,0.4173987237982245,0.0705904648350403,0.0142338083971969,0.0475018693261561,0.7299769914591,0.6965090351247564,0.5523390858016226,0.1915990615329058,0.422020335514341,0.3268473170942679,0.5501496901251599,0.2777304408790384,0.5349374926662013,0.906039879515992,0.5814466643968955,0.083591468322742,0.484675686911028,0.7082852750438419,0.7955120176245163,0.28,9252
0,0,-0.9346914172633012,0.2481907230690224,0.4279780415390507,0.4395707147690749,-0.8530113273202004,-0.7884532343326986,0.3333062847125119,-0.5799306180341322,-0.8231660350417385,-0.2074695660781767,-0.252124015998481,-0.325729584203777,-0.3398338963233638,-0.6292137262925083,-0.7306426707166759,0.7276346521128362,-0.0931558666990973,-0.080128328176982,-0.3884509994618835,-0.923916456961155,0.2709794433163168,-0.6430191596641992,0.2848249436299058,-0.4580389009169717,-0.2760882934432223,-0.8950855822453658,-0.9536484994921948,-0.8491301234124085,-0.6651349472455095,-0.6693249638136317,-0.3039999844966931,-0.8783006414510816,0.1505756073150454,-0.1980589101846854,-0.7341887617393618,-0.8006464438399153,0.1405949202215045,0.821558088310417,0.3482275414515312,0.3412811793048542,-0.9028603031105932,0.7749331487647275,-0.7628645993993917,0.664010360603036,0.5295777889492866,-0.3212632542763402,-0.5657804087871068,0.010910223727996,0.4340592125005271,0.6575079522026872,0.4768125232878251,-0.1864816640948919,-0.1401758094402079,-0.5473444562506592,0.3810188412299948,-0.0124994360443034,-0.8335858782162524,0.3607566058606039,-0.7480955943345349,0.9121560252952444,0.455213170737497,0.3337073123169503,0.2680293334160718,0.4503257065687815,0.4900501931846147,0.6910501302163212,0.7280776552878578,0.4640556872721781,0.584499233058191,0.5502437562663308,0.6233422807603151,0.3285072998827436,0.3011974566370247,0.6436909291411532,0.6104953812671224,0.399651310158524,0.0526117743518157,0.8703525308667442,0.3013350382991029,0.6525333307849698,0.2426409097495696,0.5301687248755126,0.6164285266809223,0.5330713806376478,0.288314131282548,0.365413286536534,0.3821755604759747,0.0521119542148431,0.7093326610350627,0.2799144781246312,0.2286187884135009,0.4766797881069388,0.6795024724910517,0.2718040586717121,0.8473873287252662,0.1680795140912349,0.5363178206988796,0.3509131934005048,0.2609803165288299,0.306895437687717,0.4468190198111312,0.7527711651510932,0.3028734980341664,0.1910370272646537,0.9782601911684354,0.739942469055262,0.8396543304700409,0.7564206708991353,0.1580196094004802,0.0781852810980908,0.8069370369280744,0.6050263424845674,0.7964861446368446,0.7281803812431459,0.2346566980000524,0.0757110217772673,0.3204991528493834,0.9839163966291464,0.3335998503268784,0.4173987237982245,0.0705904648350403,0.0142338083971969,0.0475018693261561,0.7299769914591,0.6965090351247564,0.5523390858016226,0.1915990615329058,0.422020335514341,0.3268473170942679,0.5501496901251599,0.2777304408790384,0.5349374926662013,0.906039879515992,0.5814466643968955,0.083591468322742,0.484675686911028,0.7082852750438419,0.7955120176245163,0.28,9350
0,0,-0.9346914172633012,0.2481907230690224,0.4279780415390507,0.4395707147690749,-0.8530113273202004,-0.7884532343326986,0.3333062847125119,-0.5799306180341322,-0.8231660350417385,-0.2074695660781767,-0.252124015998481,-0.325729584203777,-0.3398338963233638,-0.6292137262925083,-0.7306426707166759,0.7276346521128362,-0.0931558666990973,-0.080128328176982,-0.3884509994618835,-0.923916456961155,0.2709794433163168,-0.6430191596641992,0.2848249436299058,-0.4580389009169717,-0.2760882934432223,-0.8950855822453658,-0.9536484994921948,-0.8491301234124085,-0.6651349472455095,-0.6693249638136317,-0.3039999844966931,-0.8783006414510816,0.1505756073150454,-0.1980589101846854,-0.7341887617393618,-0.8006464438399153,0.1405949202215045,0.821558088310417,0.3482275414515312,0.3412811793048542,-0.9028603031105932,0.7749331487647275,-0.7628645993993917,0.664010360603036,0.5295777889492866,-0.3212632542763402,-0.5657804087871068,0.010910223727996,0.4340592125005271,0.6575079522026872,0.4768125232878251,-0.1864816640948919,-0.1401758094402079,-0.5473444562506592,0.3810188412299948,-0.0124994360443034,-0.8335858782162524,0.3607566058606039,-0.7480955943345349,0.9121560252952444,0.455213170737497,0.3337073123169503,0.2680293334160718,0.4503257065687815,0.4900501931846147,0.6910501302163212,0.7280776552878578,0.4640556872721781,0.584499233058191,0.5502437562663308,0.6233422807603151,0.3285072998827436,0.3011974566370247,0.6436909291411532,0.6104953812671224,0.399651310158524,0.0526117743518157,0.8703525308667442,0.3013350382991029,0.6525333307849698,0.2426409097495696,0.5301687248755126,0.6164285266809223,0.5330713806376478,0.288314131282548,0.365413286536534,0.3821755604759747,0.0521119542148431,0.7093326610350627,0.2799144781246312,0.2286187884135009,0.4766797881069388,0.6795024724910517,0.2718040586717121,0.8473873287252662,0.1680795140912349,0.5363178206988796,0.3509131934005048,0.2609803165288299,0.306895437687717,0.4468190198111312,0.7527711651510932,0.3028734980341664,0.1910370272646537,0.9782601911684354,0.739942469055262,0.8396543304700409,0.7564206708991353,0.1580196094004802,0.0781852810980908,0.8069370369280744,0.6050263424845674,0.7964861446368446,0.7281803812431459,0.2346566980000524,0.0757110217772673,0.3204991528493834,0.9839163966291464,0.3335998503268784,0.4173987237982245,0.0705904648350403,0.0142338083971969,0.0475018693261561,0.7299769914591,0.6965090351247564,0.5523390858016226,0.1915990615329058,0.422020335514341,0.3268473170942679,0.5501496901251599,0.2777304408790384,0.5349374926662013,0.906039879515992,0.5814466643968955,0.083591468322742,0.484675686911028,0.7082852750438419,0.7955120176245163,0.28,9451
0,0,-0.9346914172633012,0.2481907230690224,0.4279780415390507,0.4395707147690749,-0.8530113273202004,-0.7884532343326986,0.3333062847125119,-0.5799306180341322,-0.8231660350417385,-0.2074695660781767,-0.252124015998481,-0.325729584203777,-0.3398338963233638,-0.6292137262925083,-0.7306426707166759,0.7276346521128362,-0.0931558666990973,-0.080128328176982,-0.3884509994618835,-0.923916456961155,0.2709794433163168,-0.6430191596641992,0.2848249436299058,-0.4580389009169717,-0.2760882934432223,-0.8950855822453658,-0.9536484994921948,-0.8491301234124085,-0.6651349472455095,-0.6693249638136317,-0.3039999844966931,-0.8783006414510816,0.1505756073150454,-0.1980589101846854,-0.7341887617393618,-0.8006464438399153,0.1405949202215045,0.821558088310417,0.3482275414515312,0.3412811793048542,-0.9028603031105932,0.7749331487647275,-0.7628645993993917,0.664010360603036,0.5295777889492866,-0.3212632542763402,-0.5657804087871068,0.010910223727996,0.4340592125005271,0.6575079522026872,0.4768125232878251,-0.1864816640948919,-0.1401758094402079,-0.5473444562506592,0.3810188412299948,-0.0124994360443034,-0.8335858782162524,0.3607566058606039,-0.7480955943345349,0.9121560252952444,0.455213170737497,0.3337073123169503,0.2680293334160718,0.4503257065687815,0.4900501931846147,0.6910501302163212,0.7280776552878578,0.4640556872721781,0.584499233058191,0.5502437562663308,0.6233422807603151,0.3285072998827436,0.3011974566370247,0.6436909291411532,0.6104953812671224,0.399651310158524,0.0526117743518157,0.8703525308667442,0.3013350382991029,0.6525333307849698,0.2426409097495696,0.5301687248755126,0.6164285266809223,0.5330713806376478,0.288314131282548,0.365413286536534,0.3821755604759747,0.0521119542148431,0.7093326610350627,0.2799144781246312,0.2286187884135009,0.4766797881069388,0.6795024724910517,0.2718040586717121,0.8473873287252662,0.1680795140912349,0.5363178206988796,0.3509131934005048,0.2609803165288299,0.306895437687717,0.4468190198111312,0.7527711651510932,0.3028734980341664,0.1910370272646537,0.9782601911684354,0.739942469055262,0.8396543304700409,0.7564206708991353,0.1580196094004802,0.0781852810980908,0.8069370369280744,0.6050263424845674,0.7964861446368446,0.7281803812431459,0.2346566980000524,0.0757110217772673,0.3204991528493834,0.9839163966291464,0.3335998503268784,0.4173987237982245,0.0705904648350403,0.0142338083971969,0.0475018693261561,0.7299769914591,0.6965090351247564,0.5523390858016226,0.1915990615329058,0.422020335514341,0.3268473170942679,0.5501496901251599,0.2777304408790384,0.5349374926662013,0.906039879515992,0.5814466643968955,0.083591468322742,0.484675686911028,0.7082852750438419,0.7955120176245163,0.28,9549
0,0,-0.9346914172633012,0.2481907230690224,0.4279780415390507,0.4395707147690749,-0.8530113273202004,-0.7884532343326986,0.3333062847125119,-0.5799306180341322,-0.8231660350417385,-0.2074695660781767,-0.252124015998481,-0.325729584203777,-0.3398338963233638,-0.6292137262925083,-0.7306426707166759,0.7276346521128362,-0.0931558666990973,-0.080128328176982,-0.3884509994618835,-0.923916456961155,0.2709794433163168,-0.6430191596641992,0.2848249436299058,-0.4580389009169717,-0.2760882934432223,-0.8950855822453658,-0.9536484994921948,-0.8491301234124085,-0.6651349472455095,-0.6693249638136317,-0.3039999844966931,-0.8783006414510816,0.1505756073150454,-0.1980589101846854,-0.7341887617393618,-0.8006464438399153,0.1405949202215045,0.821558088310417,0.3482275414515312,0.3412811793048542,-0.9028603031105932,0.7749331487647275,-0.7628645993993917,0.664010360603036,0.5295777889492866,-0.3212632542763402,-0.5657804087871068,0.010910223727996,0.4340592125005271,0.6575079522026872,0.4768125232878251,-0.1864816640948919,-0.1401758094402079,-0.5473444562506592,0.3810188412299948,-0.0124994360443034,-0.8335858782162524,0.3607566058606039,-0.7480955943345349,0.9121560252952444,0.455213170737497,0.3337073123169503,0.2680293334160718,0.4503257065687815,0.4900501931846147,0.6910501302163212,0.7280776552878578,0.4640556872721781,0.584499233058191,0.5502437562663308,0.6233422807603151,0.3285072998827436,0.3011974566370247,0.6436909291411532,0.6104953812671224,0.399651310158524,0.0526117743518157,0.8703525308667442,0.3013350382991029,0.6525333307849698,0.2426409097495696,0.5301687248755126,0.6164285266809223,0.5330713806376478,0.288314131282548,0.365413286536534,0.3821755604759747,0.0521119542148431,0.7093326610350627,0.2799144781246312,0.2286187884135009,0.4766797881069388,0.6795024724910517,0.2718040586717121,0.8473873287252662,0.1680795140912349,0.5363178206988796,0.3509131934005048,0.2609803165288299,0.306895437687717,0.4468190198111312,0.7527711651510932,0.3028734980341664,0.1910370272646537,0.9782601911684354,0.739942469055262,0.8396543304700409,0.7564206708991353,0.1580196094004802,0.0781852810980908,0.8069370369280744,0.6050263424845674,0.7964861446368446,0.7281803812431459,0.2346566980000524,0.0757110217772673,0.3204991528493834,0.9839163966291464,0.3335998503268784,0.4173987237982245,0.0705904648350403,0.0142338083971969,0.0475018693261561,0.7299769914591,0.6965090351247564,0.5523390858016226,0.1915990615329058,0.422020335514341,0.3268473170942679,0.5501496901251599,0.2777304408790384,0.5349374926662013,0.906039879515992,0.5814466643968955,0.083591468322742,0.484675686911028,0.7082852750438419,0.7955120176245163,0.28,9647
0,0,-0.9346914172633012,0.2481907230690224,0.4279780415390507,0.4395707147690749,-0.8530113273202004,-0.7884532343326986,0.3333062847125119,-0.5799306180341322,-0.8231660350417385,-0.2074695660781767,-0.252124015998481,-0.325729584203777,-0.3398338963233638,-0.6292137262925083,-0.7306426707166759,0.7276346521128362,-0.0931558666990973,-0.080128328176982,-0.3884509994618835,-0.923916456961155,0.2709794433163168,-0.6430191596641992,0.2848249436299058,-0.4580389009169717,-0.2760882934432223,-0.8950855822453658,-0.9536484994921948,-0.8491301234124085,-0.6651349472455095,-0.6693249638136317,-0.3039999844966931,-0.8783006414510816,0.1505756073150454,-0.1980589101846854,-0.7341887617393618,-0.8006464438399153,0.1405949202215045,0.821558088310417,0.3482275414515312,0.3412811793048542,-0.9028603031105932,0.7749331487647275,-0.7628645993993917,0.664010360603036,0.5295777889492866,-0.3212632542763402,-0.5657804087871068,0.010910223727996,0.4340592125005271,0.6575079522026872,0.4768125232878251,-0.1864816640948919,-0.1401758094402079,-0.5473444562506592,0.3810188412299948,-0.0124994360443034,-0.8335858782162524,0.3607566058606039,-0.7480955943345349,0.9121560252952444,0.455213170737497,0.3337073123169503,0.2680293334160718,0.4503257065687815,0.4900501931846147,0.6910501302163212,0.7280776552878578,0.4640556872721781,0.584499233058191,0.5502437562663308,0.6233422807603151,0.3285072998827436,0.3011974566370247,0.6436909291411532,0.6104953812671224,0.399651310158524,0.0526117743518157,0.8703525308667442,0.3013350382991029,0.6525333307849698,0.2426409097495696,0.5301687248755126,0.6164285266809223,0.5330713806376478,0.288314131282548,0.365413286536534,0.3821755604759747,0.0521119542148431,0.7093326610350627,0.2799144781246312,0.2286187884135009,0.4766797881069388,0.6795024724910517,0.2718040586717121,0.8473873287252662,0.1680795140912349,0.5363178206988796,0.3509131934005048,0.2609803165288299,0.306895437687717,0.4468190198111312,0.7527711651510932,0.3028734980341664,0.1910370272646537,0.9782601911684354,0.739942469055262,0.8396543304700409,0.7564206708991353,0.1580196094004802,0.0781852810980908,0.8069370369280744,0.6050263424845674,0.7964861446368446,0.7281803812431459,0.2346566980000524,0.0757110217772673,0.3204991528493834,0.9839163966291464,0.3335998503268784,0.4173987237982245,0.0705904648350403,0.0142338083971969,0.0475018693261561,0.7299769914591,0.6965090351247564,0.5523390858016226,0.1915990615329058,0.422020335514341,0.3268473170942679,0.5501496901251599,0.2777304408790384,0.5349374926662013,0.906039879515992,0.5814466643968955,0.083591468322742,0.484675686911028,0.7082852750438419,0.7955120176245163,0.28,9745
0,0,-0.90790937050048,0.2601667916744686,0.5816815398628329,0.5174664397224648,-0.7160921234687697,-0.8725014511938998,0.3006052888929711,-0.698653574080559,-0.8348952848105429,-0.2863215222650845,-0.4115385637546088,-0.2146349475237771,-0.3914174574282334,-0.5383322882997799,-0.7132796490196532,0.8028099045150144,0.8471353384856116,-0.0189526573574331,-0.7290006979797047,-0.9337027492200076,0.5287073345491683,0.0703769222988842,-0.4009612320534206,-0.5219671981148991,-0.9476782924338376,-0.7786250217729486,-0.8696922631081965,-0.8816231247216293,-0.9149363143214644,-0.7508448160309367,-0.3234452076076518,-0.7353205730012037,0.190933318081777,-0.3193021087092148,-0.954078998682817,0.8413982881354183,0.2757044722153447,0.8890081491917462,-0.1308171858783308,0.3401571192760949,-0.6624928729975211,0.7186268760786243,-0.8137990026426082,0.6977601178685435,0.0422665590843883,-0.2888428791809159,-0.3817444910364558,0.0009863910929481,0.2926500302859232,0.8024734706631125,0.5398345230548702,0.142505205969484,-0.2077447344420315,-0.7789318563596415,0.4246992273900435,0.1252859895615523,-0.8437884298956557,0.271394343184966,-0.6560341915495106,0.5418210844360307,0.4498283629926969,0.3265432085434005,0.3020905153057197,0.4699021422046485,0.5692827672058923,0.3473583786306131,0.7669465584748871,0.4564291585252743,0.5984514135960873,0.6104084539320368,0.6442226942505143,0.2792520920706861,0.3086444814049901,0.8517917694319187,0.8511742737738964,0.374237492956079,0.0194081015976727,0.9320745421861524,0.2971070414157858,0.2172444643528581,0.1223500822173964,0.695263948596556,0.653313716019737,0.6073211202259078,0.2667672440674615,0.2497826898658451,0.3849115549137079,0.1919301204043972,0.5441759093864541,0.3201910766038141,0.2590117427386145,0.4591712591198752,1.0,0.3262671725498975,0.9088673445444864,0.0001,0.58407117279938,0.9877115701289928,0.2472994425240197,0.2910386500688918,0.4509044976203423,0.7076109074011819,0.2652453959224213,0.190568129466265,0.917946256647744,0.7960032466243413,0.8433158428759702,0.7736510577537749,0.1394556448399788,0.0851763050134537,0.784659744794094,0.6281895809618703,0.8922239519696722,0.7051084045729961,0.3168931174838951,0.0721405580153778,0.5022447263883273,0.850143119312338,0.3081691048017602,0.6687381618005849,0.0425533351645216,0.015534897201712,0.1052437835078322,0.7092374809411822,0.7447382189002277,0.5893397468866266,0.2785724801592869,0.6293278554003985,0.5561846766046136,0.6272790534918548,0.3271437255278864,0.3012683608134193,0.9710726173459991,0.4526245116644977,0.0681588214641437,0.5020161961360777,0.7016928517619133,0.7863261991983762,0.36,981
0,0,-0.9346914172633012,0.2481907230690224,0.4279780415390507,0.4395707147690749,-0.8530113273202004,-0.7884532343326986,0.3333062847125119,-0.5799306180341322,-0.8231660350417385,-0.2074695660781767,-0.252124015998481,-0.325729584203777,-0.3398338963233638,-0.6292137262925083,-0.7306426707166759,0.7276346521128362,-0.0931558666990973,-0.080128328176982,-0.3884509994618835,-0.923916456961155,0.2709794433163168,-0.6430191596641992,0.2848249436299058,-0.4580389009169717,-0.2760882934432223,-0.8950855822453658,-0.9536484994921948,-0.8491301234124085,-0.6651349472455095,-0.6693249638136317,-0.3039999844966931,-0.8783006414510816,0.1505756073150454,-0.1980589101846854,-0.7341887617393618,-0.8006464438399153,0.1405949202215045,0.821558088310417,0.3482275414515312,0.3412811793048542,-0.9028603031105932,0.7749331487647275,-0.7628645993993917,0.664010360603036,0.5295777889492866,-0.3212632542763402,-0.5657804087871068,0.010910223727996,0.4340592125005271,0.6575079522026872,0.4768125232878251,-0.1864816640948919,-0.1401758094402079,-0.5473444562506592,0.3810188412299948,-0.0124994360443034,-0.8335858782162524,0.3607566058606039,-0.7480955943345349,0.9121560252952444,0.455213170737497,0.3337073123169503,0.2680293334160718,0.4503257065687815,0.4900501931846147,0.6910501302163212,0.7280776552878578,0.4640556872721781,0.584499233058191,0.5502437562663308,0.6233422807603151,0.3285072998827436,0.3011974566370247,0.6436909291411532,0.6104953812671224,0.399651310158524,0.0526117743518157,0.8703525308667442,0.3013350382991029,0.6525333307849698,0.2426409097495696,0.5301687248755126,0.6164285266809223,0.5330713806376478,0.288314131282548,0.365413286536534,0.3821755604759747,0.0521119542148431,0.7093326610350627,0.2799144781246312,0.2286187884135009,0.4766797881069388,0.6795024724910517,0.2718040586717121,0.8473873287252662,0.1680795140912349,0.5363178206988796,0.3509131934005048,0.2609803165288299,0.306895437687717,0.4468190198111312,0.7527711651510932,0.3028734980341664,0.1910370272646537,0.9782601911684354,0.739942469055262,0.8396543304700409,0.7564206708991353,0.1580196094004802,0.0781852810980908,0.8069370369280744,0.6050263424845674,0.7964861446368446,0.7281803812431459,0.2346566980000524,0.0757110217772673,0.3204991528493834,0.9839163966291464,0.3335998503268784,0.4173987237982245,0.0705904648350403,0.0142338083971969,0.0475018693261561,0.7299769914591,0.6965090351247564,0.5523390858016226,0.1915990615329058,0.422020335514341,0.3268473170942679,0.5501496901251599,0.2777304408790384,0.5349374926662013,0.906039879515992,0.5814466643968955,0.083591468322742,0.484675686911028,0.7082852750438419,0.7955120176245163,0.28,9840
0,0,-0.9346914172633012,0.2481907230690224,0.4279780415390507,0.4395707147690749,-0.8530113273202004,-0.7884532343326986,0.3333062847125119,-0.5799306180341322,-0.8231660350417385,-0.2074695660781767,-0.252124015998481,-0.325729584203777,-0.3398338963233638,-0.6292137262925083,-0.7306426707166759,0.7276346521128362,-0.0931558666990973,-0.080128328176982,-0.3884509994618835,-0.923916456961155,0.2709794433163168,-0.6430191596641992,0.2848249436299058,-0.4580389009169717,-0.2760882934432223,-0.8950855822453658,-0.9536484994921948,-0.8491301234124085,-0.6651349472455095,-0.6693249638136317,-0.3039999844966931,-0.8783006414510816,0.1505756073150454,-0.1980589101846854,-0.7341887617393618,-0.8006464438399153,0.1405949202215045,0.821558088310417,0.3482275414515312,0.3412811793048542,-0.9028603031105932,0.7749331487647275,-0.7628645993993917,0.664010360603036,0.5295777889492866,-0.3212632542763402,-0.5657804087871068,0.010910223727996,0.4340592125005271,0.6575079522026872,0.4768125232878251,-0.1864816640948919,-0.1401758094402079,-0.5473444562506592,0.3810188412299948,-0.0124994360443034,-0.8335858782162524,0.3607566058606039,-0.7480955943345349,0.9121560252952444,0.455213170737497,0.3337073123169503,0.2680293334160718,0.4503257065687815,0.4900501931846147,0.6910501302163212,0.7280776552878578,0.4640556872721781,0.584499233058191,0.5502437562663308,0.6233422807603151,0.3285072998827436,0.3011974566370247,0.6436909291411532,0.6104953812671224,0.399651310158524,0.0526117743518157,0.8703525308667442,0.3013350382991029,0.6525333307849698,0.2426409097495696,0.5301687248755126,0.6164285266809223,0.5330713806376478,0.288314131282548,0.365413286536534,0.3821755604759747,0.0521119542148431,0.7093326610350627,0.2799144781246312,0.2286187884135009,0.4766797881069388,0.6795024724910517,0.2718040586717121,0.8473873287252662,0.1680795140912349,0.5363178206988796,0.3509131934005048,0.2609803165288299,0.306895437687717,0.4468190198111312,0.7527711651510932,0.3028734980341664,0.1910370272646537,0.9782601911684354,0.739942469055262,0.8396543304700409,0.7564206708991353,0.1580196094004802,0.0781852810980908,0.8069370369280744,0.6050263424845674,0.7964861446368446,0.7281803812431459,0.2346566980000524,0.0757110217772673,0.3204991528493834,0.9839163966291464,0.3335998503268784,0.4173987237982245,0.0705904648350403,0.0142338083971969,0.0475018693261561,0.7299769914591,0.6965090351247564,0.5523390858016226,0.1915990615329058,0.422020335514341,0.3268473170942679,0.5501496901251599,0.2777304408790384,0.5349374926662013,0.906039879515992,0.5814466643968955,0.083591468322742,0.484675686911028,0.7082852750438419,0.7955120176245163,0.28,9935
